workspace/GNSS/igsg1870.18i
     1.0            IONOSPHERE MAPS     MIX                 IONEX VERSION / TYPE
cmpcmb v1.2          GRL/UWM            25-jul-18 06:46     PGM / RUN BY / DATE 
ionex file containing IGS COMBINED Ionosphere maps          COMMENT             
global ionosphere maps for day 187, 2018                    DESCRIPTION         
IONEX file containing the COMBINED IGS TEC MAPS and DCBs    DESCRIPTION         
      IONEX files of the following IAACs were combined: cod DESCRIPTION         
                                                        jpl DESCRIPTION         
Contact address: Andrzej Krankowski                         DESCRIPTION
                 Geodynamics Research Laboratory            DESCRIPTION
                 University of Warmia and Mazury (GRL/UWM)  DESCRIPTION
                 Oczapowski St. 1                           DESCRIPTION
                 10-957-Olsztyn, POLAND                     DESCRIPTION
                 e-mail:  kand@uwm.edu.pl                   DESCRIPTION
                                                            DESCRIPTION         
  2018     7     6     0     0     0                        EPOCH OF FIRST MAP  
  2018     7     7     0     0     0                        EPOCH OF LAST MAP   
  7200                                                      INTERVAL            
    13                                                      # OF MAPS IN FILE   
  COSZ                                                      MAPPING FUNCTION    
     0.0                                                    ELEVATION CUTOFF    
combined TEC calculated as weighted mean of input TEC valuesOBSERVABLES USED    
   338                                                      # OF STATIONS       
    32                                                      # OF SATELLITES     
  6371.0                                                    BASE RADIUS         
     2                                                      MAP DIMENSION       
   450.0 450.0   0.0                                        HGT1 / HGT2 / DHGT  
    87.5 -87.5  -2.5                                        LAT1 / LAT2 / DLAT  
  -180.0 180.0   5.0                                        LON1 / LON2 / DLON  
    -1                                                      EXPONENT            
TEC values in 0.1 tec units;  9999, if no value available   COMMENT             
DCB values in nanoseconds, reference is Sum_of_SatDCBs = 0  COMMENT             
                                                            END OF HEADER       
[from data line 2574]
     7                                                      START OF TEC MAP    
  2018     7     6    12     0     0                        EPOCH OF CURRENT MAP
    87.5-180.0 180.0   5.0 450.0                            LAT/LON1/LON2/DLON/H
   76   76   75   75   75   74   74   74   74   74   74   73   73   73   73   73
   73   73   73   73   74   74   74   74   75   75   76   76   76   77   77   77
   78   78   79   79   79   80   80   80   81   81   81   82   82   82   82   82
   82   82   82   82   83   83   83   83   82   82   82   82   81   81   80   80
   80   79   79   79   78   78   77   77   76
    85.0-180.0 180.0   5.0 450.0                            LAT/LON1/LON2/DLON/H
   75   74   73   72   72   71   70   70   69   69   69   69   68   68   68   68
   69   69   69   69   70   70   71   72   72   73   74   75   76   77   77   78
   79   79   80   81   81   82   82   82   83   83   84   84   84   85   85   85
   86   86   86   86   86   86   86   86   86   86   85   85   84   83   83   82
   81   80   79   79   78   77   76   75   75
    82.5-180.0 180.0   5.0 450.0                            LAT/LON1/LON2/DLON/H
   73   72   72   71   70   69   68   68   67   66   66   65   65   64   65   65
   65   65   65   66   67   68   69   70   72   73   74   75   76   77   78   79
   80   80   81   82   82   82   83   83   84   84   84   85   86   86   86   87
   88   88   88   88   89   89   89   88   88   88   87   86   85   84   83   82
   81   80   79   78   77   76   75   74   73
    80.0-180.0 180.0   5.0 450.0                            LAT/LON1/LON2/DLON/H
   72   71   71   70   69   69   68   67   66   65   64   63   63   62   62   62
   62   62   63   64   66   67   68   70   72   73   75   76   77   79   80   81
   82   82   82   83   83   83   83   83   83   83   83   84   85   86   86   87
   88   88   89   89   90   90   90   90   89   88   88   87   86   85   84   82
   81   79   78   77   76   75   73   73   72
    77.5-180.0 180.0   5.0 450.0                            LAT/LON1/LON2/DLON/H
   71   71   70   70   70   69   68   67   67   65   64   63   62   61   61   60
   61   62   63   64   66   67   69   71   72   74   76   78   79   81   82   83
   84   85   84   84   84   83   83   82   82   82   82   83   83   84   85   86
   87   88   88   89   89   90   89   89   88   88   87   86   85   84   83   81
   80   78   77   76   75   73   72   72   71
    75.0-180.0 180.0   5.0 450.0                            LAT/LON1/LON2/DLON/H
   69   70   70   70   70   70   70   69   68   66   65   63   62   62   61   61
   62   63   64   65   67   69   71   73   75   77   78   80   82   83   84   86
   86   87   87   86   85   83   82   81   80   80   80   80   81   82   83   84
   85   86   87   87   88   88   87   87   86   86   85   84   84   83   81   80
   79   77   75   73   72   71   70   70   69
    72.5-180.0 180.0   5.0 450.0                            LAT/LON1/LON2/DLON/H
   67   68   69   69   70   70   70   69   68   67   66   65   64   63   62   63
   64   65   66   67   70   72   74   76   78   79   81   82   84   85   86   87
   88   88   88   88   86   84   82   81   79   78   79   79   80   81   82   83
   84   85   85   85   84   84   84   83   83   83   82   82   82   81   80   80
   78   76   74   72   71   69   68   68   67
    70.0-180.0 180.0   5.0 450.0                            LAT/LON1/LON2/DLON/H
   65   65   66   67   68   69   69   69   69   68   67   66   66   66   65   65
   66   67   68   70   72   75   77   79   81   82   83   83   84   85   86   87
   88   89   89   88   87   84   82   80   78   78   78   79   80   81   82   82
   83   83   83   82   81   80   79   79   79   80   80   81   81   81   80   80
   78   77   75   72   70   68   66   65   65
    67.5-180.0 180.0   5.0 450.0                            LAT/LON1/LON2/DLON/H
   62   62   63   65   65   66   67   67   67   67   68   68   68   68   68   68
   68   69   70   72   75   77   79   81   82   82   82   83   83   84   85   87
   88   89   89   88   87   85   82   80   79   78   79   80   81   83   83   83
   82   81   80   78   78   76   76   76   77   78   79   80   81   82   82   82
   80   78   75   73   70   67   64   63   62
    65.0-180.0 180.0   5.0 450.0                            LAT/LON1/LON2/DLON/H
   60   59   60   61   62   62   62   63   64   65   66   67   68   69   69   69
   69   70   72   74   76   78   79   81   81   81   80   81   81   82   84   86
   87   89   89   88   87   84   82   80   79   79   80   82   83   84   85   84
   83   81   79   77   75   74   74   75   75   77   79   81   83   84   85   85
   84   81   78   74   70   66   63   61   60
    62.5-180.0 180.0   5.0 450.0                            LAT/LON1/LON2/DLON/H
   58   58   58   58   58   58   58   58   58   59   61   64   66   68   69   69
   70   71   72   73   75   77   78   79   78   78   78   77   78   79   82   84
   86   88   89   88   87   84   82   80   79   80   82   84   85   86   86   85
   82   80   78   76   74   73   73   74   76   78   81   84   86   87   89   89
   87   84   80   76   71   66   62   60   58
    60.0-180.0 180.0   5.0 450.0                            LAT/LON1/LON2/DLON/H
   58   58   58   57   57   55   54   52   52   53   55   58   62   64   67   68
   69   70   71   72   74   75   75   75   76   75   75   75   76   78   80   83
   86   88   89   88   87   84   82   81   80   82   85   86   88   88   87   85
   83   81   78   77   75   75   75   76   79   81   84   87   90   92   93   92
   91   87   83   78   72   67   63   61   58
    57.5-180.0 180.0   5.0 450.0                            LAT/LON1/LON2/DLON/H
   60   59   59   59   57   54   52   49   48   47   49   52   55   59   62   65
   66   68   69   70   71   72   72   72   73   73   73   73   76   78   81   84
   87   88   89   89   87   85   83   82   83   84   87   89   90   89   88   86
   84   82   80   79   78   78   79   80   83   85   89   91   94   96   96   96
   94   91   86   80   74   69   65   62   60
    55.0-180.0 180.0   5.0 450.0                            LAT/LON1/LON2/DLON/H
   64   63   63   63   61   57   53   49   46   44   44   46   49   53   57   60
   63   65   66   67   68   69   70   70   71   72   72   74   76   79   83   86
   88   89   90   90   88   86   85   85   86   88   91   93   92   91   88   86
   85   84   83   83   84   84   85   87   89   91   94   96   97   99   99   99
   97   94   89   84   78   72   68   65   64
    52.5-180.0 180.0   5.0 450.0                            LAT/LON1/LON2/DLON/H
   68   68   69   69   67   64   59   54   48   45   43   43   45   48   52   56
   59   62   64   65   67   67   69   70   71   72   74   76   79   82   85   88
   90   90   91   91   90   89   88   89   91   92   95   96   95   92   90   88
   87   87   88   89   91   91   92   94   95   97   99  100  100  101  102  102
  101   98   94   88   83   77   73   70   68
    50.0-180.0 180.0   5.0 450.0                            LAT/LON1/LON2/DLON/H
   75   75   76   77   76   73   68   63   57   51   47   44   44   45   48   52
   56   60   63   65   67   68   69   71   73   74   76   79   82   85   88   90
   91   92   92   93   93   93   93   94   96   98  100  100   97   94   91   89
   90   92   94   97   97   98  100  101  102  103  104  103  103  103  104  104
  105  103  100   95   90   84   79   77   75
    47.5-180.0 180.0   5.0 450.0                            LAT/LON1/LON2/DLON/H
   82   82   82   84   85   83   80   75   68   62   55   49   45   44   46   50
   54   59   63   66   68   71   72   74   76   77   79   82   84   87   89   90
   91   92   93   95   96   97   99  101  104  106  106  105  101   97   94   93
   95   98  101  103  104  105  106  107  108  108  108  107  106  105  106  107
  108  107  106  102   97   92   88   84   82
    45.0-180.0 180.0   5.0 450.0                            LAT/LON1/LON2/DLON/H
   89   88   88   90   92   92   91   87   82   74   66   58   51   47   47   49
   53   59   64   69   72   75   77   78   80   81   83   84   87   89   90   91
   91   93   94   97  100  103  106  109  112  113  113  110  106  101   98   98
  101  104  107  109  110  110  111  111  112  112  111  110  108  107  107  109
  110  111  111  108  104   99   95   92   89
    42.5-180.0 180.0   5.0 450.0                            LAT/LON1/LON2/DLON/H
   95   92   91   93   96   99   99   98   94   88   79   69   59   52   49   50
   54   59   66   72   77   80   81   83   83   84   85   87   89   90   90   90
   91   93   96  100  104  109  113  117  121  122  121  117  113  107  105  105
  108  112  113  114  113  112  113  113  115  116  115  114  112  110  109  110
  112  114  114  112  109  106  102   99   95
    40.0-180.0 180.0   5.0 450.0                            LAT/LON1/LON2/DLON/H
   98   94   92   92   96  101  105  106  104   99   90   79   68   59   54   53
   56   62   69   76   82   85   87   87   87   88   88   89   90   91   90   91
   92   95   99  104  109  115  120  126  129  130  129  125  120  116  113  114
  116  118  118  117  115  113  114  116  117  118  119  118  115  113  111  111
  112  113  114  112  111  108  106  103   98
    37.5-180.0 180.0   5.0 450.0                            LAT/LON1/LON2/DLON/H
   99   95   91   90   94   99  105  109  109  107   99   89   77   67   60   57
   59   66   73   81   86   90   91   90   90   90   90   91   92   92   92   92
   94   99  103  108  114  121  127  133  137  139  138  134  129  125  122  122
  123  124  123  120  117  115  116  118  121  122  123  122  119  116  112  111
  110  111  110  109  108  107  105  103   99
    35.0-180.0 180.0   5.0 450.0                            LAT/LON1/LON2/DLON/H
   98   93   88   86   88   94  101  106  109  108  103   94   84   74   67   63
   64   69   76   83   89   92   93   92   91   92   92   93   93   94   95   97
   99  104  109  114  120  126  133  140  145  147  146  144  140  136  133  132
  132  130  128  123  120  119  121  123  126  128  127  126  123  119  114  110
  108  108  106  104  103  102  102  100   98
    32.5-180.0 180.0   5.0 450.0                            LAT/LON1/LON2/DLON/H
   95   90   85   81   81   86   92   99  104  105  103   97   89   80   73   69
   68   72   78   85   90   93   92   91   91   91   93   95   96   98  100  103
  107  112  117  121  126  132  139  146  152  155  155  153  150  147  144  142
  140  138  133  128  127  127  130  133  134  134  133  130  126  120  115  110
  107  104  101   98   95   95   96   97   95
    30.0-180.0 180.0   5.0 450.0                            LAT/LON1/LON2/DLON/H
   92   89   83   78   75   77   81   88   94   98   99   95   90   84   77   73
   72   74   79   85   89   91   90   89   89   90   93   96   99  103  106  111
  115  121  126  129  133  138  145  151  156  161  163  163  161  158  155  152
  149  145  140  137  136  139  144  146  145  142  138  133  128  121  114  109
  105  101   97   91   88   87   89   91   92
    27.5-180.0 180.0   5.0 450.0                            LAT/LON1/LON2/DLON/H
   88   88   82   76   70   69   71   76   82   87   90   90   87   84   80   76
   74   75   79   84   87   88   86   85   86   89   94   98  103  108  112  118
  125  132  137  139  142  145  150  156  162  167  171  172  172  169  166  162
  158  154  149  147  149  155  160  161  157  150  143  135  128  120  113  108
  104  101   95   88   82   81   83   86   88
    25.0-180.0 180.0   5.0 450.0                            LAT/LON1/LON2/DLON/H
   86   87   83   76   68   63   62   65   70   76   80   83   83   82   80   76
   74   74   77   82   85   84   83   82   83   88   94  100  107  113  119  127
  135  143  148  150  151  152  156  161  167  173  178  181  181  179  175  171
  167  163  159  159  164  172  178  177  169  158  146  135  126  118  112  108
  104  101   95   86   79   76   77   81   86
    22.5-180.0 180.0   5.0 450.0                            LAT/LON1/LON2/DLON/H
   84   88   86   79   70   61   57   57   61   66   71   74   76   78   77   75
   72   72   75   80   83   83   81   80   82   88   95  104  112  119  126  134
  144  154  159  161  161  161  164  168  173  180  185  189  189  187  184  180
  175  172  170  172  179  189  194  191  179  164  148  135  124  116  109  106
  104  102   96   86   77   72   73   77   84
    20.0-180.0 180.0   5.0 450.0                            LAT/LON1/LON2/DLON/H
   82   87   88   83   73   63   57   55   57   60   64   67   70   72   72   70
   68   68   72   79   83   83   81   80   83   89   98  107  116  124  132  141
  153  163  170  172  171  171  172  176  180  187  193  197  197  195  191  187
  182  180  180  183  192  203  207  202  188  169  150  134  121  112  107  104
  104  102   97   88   78   71   70   75   82
    17.5-180.0 180.0   5.0 450.0                            LAT/LON1/LON2/DLON/H
   81   87   89   86   77   67   59   56   57   59   60   61   64   67   68   66
   64   64   70   78   83   84   83   83   86   92  101  111  121  130  137  147
  159  171  179  182  182  182  183  186  190  195  201  205  204  201  196  191
  187  186  187  193  202  213  217  211  195  174  152  133  119  110  105  103
  103  102   99   90   79   72   70   73   81
    15.0-180.0 180.0   5.0 450.0                            LAT/LON1/LON2/DLON/H
   79   85   88   86   79   71   64   61   61   60   60   58   60   63   64   62
   60   61   68   77   85   87   87   87   90   96  105  116  126  135  142  151
  164  176  185  189  192  192  193  195  199  204  209  213  211  206  199  194
  190  189  193  199  209  219  223  217  201  179  155  134  119  109  103  101
  102  102   99   92   81   74   71   74   79
    12.5-180.0 180.0   5.0 450.0                            LAT/LON1/LON2/DLON/H
   76   80   83   83   78   72   67   65   65   64   61   59   59   62   63   60
   58   59   66   78   86   91   92   92   95  100  109  120  131  140  146  154
  166  178  188  195  198  201  203  204  206  211  216  218  215  209  200  193
  189  189  194  202  212  222  226  220  206  185  160  137  120  108  102   99
  100  100   99   92   83   76   73   73   76
    10.0-180.0 180.0   5.0 450.0                            LAT/LON1/LON2/DLON/H
   74   75   76   75   73   70   68   67   68   67   63   59   58   61   62   61
   58   58   66   78   88   94   96   98  100  105  113  123  135  143  150  156
  166  178  187  196  201  206  209  210  212  215  220  221  217  209  198  189
  185  187  192  200  210  220  225  222  211  191  166  141  122  109  102   99
   98   98   96   91   83   78   74   74   74
     7.5-180.0 180.0   5.0 450.0                            LAT/LON1/LON2/DLON/H
   72   70   68   67   65   65   65   67   68   67   64   59   58   61   63   61
   58   59   66   79   89   96  100  103  105  109  116  126  137  146  151  156
  164  174  184  193  201  206  211  212  213  216  219  220  215  205  192  183
  179  180  186  195  205  215  221  221  212  196  172  147  125  110  103   98
   96   95   92   88   83   78   76   74   72
     5.0-180.0 180.0   5.0 450.0                            LAT/LON1/LON2/DLON/H
   70   65   61   58   58   58   60   62   65   65   61   57   57   60   63   62
   59   60   66   79   90   98  103  107  109  112  118  128  139  148  152  154
  160  168  177  186  194  202  208  210  210  212  214  214  207  196  183  174
  170  172  178  186  197  206  213  216  212  197  175  149  127  112  103   98
   94   90   87   83   80   77   75   74   70
     2.5-180.0 180.0   5.0 450.0                            LAT/LON1/LON2/DLON/H
   70   63   57   53   52   53   54   57   59   59   56   54   54   58   61   62
   60   60   66   78   89   99  105  109  111  114  119  128  139  147  151  152
  155  160  167  175  183  192  199  202  202  203  205  202  195  183  172  163
  160  162  167  176  185  194  202  206  205  193  173  148  126  111  103   97
   91   85   82   78   76   75   74   73   70
