workspace/GNSS/igsg3420.18i
     1.0            IONOSPHERE MAPS     MIX                 IONEX VERSION / TYPE
cmpcmb v1.2          GRL/UWM            20-dec-18 04:45     PGM / RUN BY / DATE 
ionex file containing IGS COMBINED Ionosphere maps          COMMENT             
global ionosphere maps for day 342, 2018                    DESCRIPTION         
IONEX file containing the COMBINED IGS TEC MAPS and DCBs    DESCRIPTION         
      IONEX files of the following IAACs were combined: cod DESCRIPTION         
                                                        jpl DESCRIPTION         
Contact address: Andrzej Krankowski                         DESCRIPTION
                 Geodynamics Research Laboratory            DESCRIPTION
                 University of Warmia and Mazury (GRL/UWM)  DESCRIPTION
                 Oczapowski St. 1                           DESCRIPTION
                 10-957-Olsztyn, POLAND                     DESCRIPTION
                 e-mail:  kand@uwm.edu.pl                   DESCRIPTION
                                                            DESCRIPTION         
  2018    12     8     0     0     0                        EPOCH OF FIRST MAP  
  2018    12     9     0     0     0                        EPOCH OF LAST MAP   
  7200                                                      INTERVAL            
    13                                                      # OF MAPS IN FILE   
  COSZ                                                      MAPPING FUNCTION    
     0.0                                                    ELEVATION CUTOFF    
combined TEC calculated as weighted mean of input TEC valuesOBSERVABLES USED    
   328                                                      # OF STATIONS       
    32                                                      # OF SATELLITES     
  6371.0                                                    BASE RADIUS         
     2                                                      MAP DIMENSION       
   450.0 450.0   0.0                                        HGT1 / HGT2 / DHGT  
    87.5 -87.5  -2.5                                        LAT1 / LAT2 / DLAT  
  -180.0 180.0   5.0                                        LON1 / LON2 / DLON  
    -1                                                      EXPONENT            
TEC values in 0.1 tec units;  9999, if no value available   COMMENT             
DCB values in nanoseconds, reference is Sum_of_SatDCBs = 0  COMMENT             
                                                            END OF HEADER       
[from data line 3432]
     9                                                      START OF TEC MAP    
  2018    12     8    16     0     0                        EPOCH OF CURRENT MAP
    87.5-180.0 180.0   5.0 450.0                            LAT/LON1/LON2/DLON/H
   24   24   23   23   23   23   23   23   24   24   23   23   23   23   23   23
   23   23   23   23   23   23   23   23   23   23   24   24   24   24   25   25
   25   25   25   26   26   26   26   26   26   26   26   26   26   26   26   26
   26   26   26   26   26   27   27   27   26   26   26   26   26   26   25   25
   25   25   25   25   24   24   24   24   24
    85.0-180.0 180.0   5.0 450.0                            LAT/LON1/LON2/DLON/H
   25   24   24   24   24   24   24   24   23   24   23   23   23   23   23   22
   22   22   22   22   22   22   22   22   23   23   23   23   24   24   25   25
   26   26   27   27   27   28   28   28   28   28   29   29   29   29   29   30
   30   30   30   30   29   29   29   29   29   29   28   28   28   28   27   27
   27   27   26   26   26   25   25   25   25
    82.5-180.0 180.0   5.0 450.0                            LAT/LON1/LON2/DLON/H
   26   26   26   26   26   25   26   25   25   25   25   24   24   24   23   23
   22   22   21   21   22   21   21   22   22   22   23   24   24   25   26   27
   27   28   28   28   29   29   30   30   30   30   30   30   30   31   31   31
   32   32   32   32   33   33   33   33   32   32   32   31   31   30   30   29
   29   28   28   27   27   27   26   27   26
    80.0-180.0 180.0   5.0 450.0                            LAT/LON1/LON2/DLON/H
   28   28   29   28   28   28   28   28   28   27   26   26   26   25   25   24
   23   23   22   22   22   22   22   22   23   23   24   24   25   26   27   28
   29   29   30   31   31   31   31   31   31   31   31   31   31   31   32   33
   34   34   35   35   36   36   36   35   35   35   34   34   33   32   32   31
   30   30   29   28   28   28   28   28   28
    77.5-180.0 180.0   5.0 450.0                            LAT/LON1/LON2/DLON/H
   30   30   31   31   31   31   30   30   30   29   28   28   27   27   26   25
   25   24   24   24   24   24   24   24   24   25   26   26   27   28   29   30
   31   32   32   32   31   31   31   30   30   29   29   29   30   31   31   32
   34   35   36   37   37   38   38   38   38   37   37   36   35   34   33   32
   31   30   30   29   29   29   29   30   30
    75.0-180.0 180.0   5.0 450.0                            LAT/LON1/LON2/DLON/H
   32   32   33   33   33   33   32   31   30   29   28   28   27   27   27   27
   27   27   27   27   27   28   28   28   29   29   29   30   31   31   32   32
   32   32   33   32   31   31   30   29   28   27   26   26   27   28   29   31
   33   34   35   37   38   39   39   38   38   38   37   36   35   35   33   32
   31   30   29   29   29   29   30   31   32
    72.5-180.0 180.0   5.0 450.0                            LAT/LON1/LON2/DLON/H
   32   33   34   34   34   33   32   31   30   29   28   27   27   27   28   27
   29   30   31   32   33   33   34   34   35   35   36   36   36   35   36   35
   34   33   32   31   30   29   27   26   24   23   22   22   23   24   26   28
   31   33   35   36   37   37   38   38   37   36   36   35   34   33   33   31
   30   29   28   28   28   28   30   31   32
    70.0-180.0 180.0   5.0 450.0                            LAT/LON1/LON2/DLON/H
   31   33   35   35   34   33   32   30   28   27   26   26   26   26   27   29
   31   33   35   37   39   40   41   42   42   43   43   42   42   40   39   37
   36   33   31   30   28   26   24   22   20   19   18   18   18   20   22   26
   28   30   32   34   35   35   35   34   34   34   33   33   33   32   31   30
   28   27   26   26   26   26   28   30   31
    67.5-180.0 180.0   5.0 450.0                            LAT/LON1/LON2/DLON/H
   31   33   34   34   34   33   31   28   27   25   24   24   24   25   27   30
   33   37   40   43   46   48   49   50   51   51   51   50   48   46   43   40
   38   34   31   28   26   23   21   18   16   15   14   14   15   17   19   23
   26   28   29   31   31   31   30   30   30   29   30   31   31   31   30   30
   28   26   25   23   23   25   26   29   31
    65.0-180.0 180.0   5.0 450.0                            LAT/LON1/LON2/DLON/H
   30   33   35   35   34   32   29   27   25   23   22   22   22   24   27   31
   35   40   45   49   52   55   56   57   58   59   58   57   55   51   48   44
   39   35   31   28   25   22   19   17   14   13   12   12   13   16   18   21
   24   26   26   27   27   26   26   26   25   26   27   29   30   32   32   31
   29   26   24   22   22   22   25   28   30
    62.5-180.0 180.0   5.0 450.0                            LAT/LON1/LON2/DLON/H
   31   33   35   35   34   31   28   25   24   22   21   21   22   25   28   33
   38   44   49   54   57   60   61   63   64   65   65   64   61   57   53   49
   44   38   33   29   26   22   20   17   15   13   13   13   14   16   19   21
   22   24   24   23   22   22   22   22   22   24   26   29   31   34   35   34
   32   29   25   22   21   21   24   27   31
    60.0-180.0 180.0   5.0 450.0                            LAT/LON1/LON2/DLON/H
   32   35   36   36   34   31   28   25   23   22   22   22   24   26   31   36
   42   48   54   58   61   63   65   66   68   69   70   69   67   64   60   54
   49   43   38   33   29   25   22   20   18   16   15   16   17   19   21   23
   23   23   22   21   20   19   20   21   22   24   28   31   36   38   40   39
   36   32   27   23   21   21   24   28   32
    57.5-180.0 180.0   5.0 450.0                            LAT/LON1/LON2/DLON/H
   33   37   38   38   35   32   28   25   24   23   23   24   26   30   35   40
   47   53   59   62   64   65   66   68   70   73   74   74   73   71   67   63
   57   51   45   40   35   31   28   25   23   21   20   21   22   24   26   26
   25   24   21   20   19   20   21   23   25   28   31   36   40   44   46   45
   42   36   30   25   22   22   24   28   33
    55.0-180.0 180.0   5.0 450.0                            LAT/LON1/LON2/DLON/H
   35   38   40   39   36   33   30   27   26   26   27   28   31   34   39   46
   53   59   64   66   67   68   69   70   73   76   78   80   80   78   76   72
   67   60   54   47   42   38   35   32   30   28   27   27   28   29   31   30
   28   26   23   21   21   22   25   27   31   34   38   42   46   50   53   51
   47   40   33   27   23   23   25   30   35
    52.5-180.0 180.0   5.0 450.0                            LAT/LON1/LON2/DLON/H
   37   40   42   41   38   35   32   30   30   31   32   33   36   40   45   52
   60   66   70   71   71   71   72   74   77   80   83   86   87   86   84   81
   76   69   63   57   52   47   44   40   38   36   34   34   35   36   36   35
   33   29   26   25   25   27   31   35   39   42   45   48   52   56   58   57
   52   45   37   30   26   24   27   32   37
    50.0-180.0 180.0   5.0 450.0                            LAT/LON1/LON2/DLON/H
   38   41   42   42   40   38   35   34   35   37   39   40   43   47   52   59
   67   73   76   77   77   77   78   81   85   88   91   92   93   93   92   89
   85   79   72   66   61   57   53   50   47   44   43   42   41   42   42   41
   38   35   31   30   31   34   38   43   47   49   51   53   57   60   62   60
   56   49   40   33   29   27   29   33   38
    47.5-180.0 180.0   5.0 450.0                            LAT/LON1/LON2/DLON/H
   38   41   42   42   41   39   38   39   41   44   47   49   52   56   61   68
   75   81   84   85   86   86   89   93   96   98  100   99   99   98   97   95
   91   86   80   75   71   67   63   60   56   53   51   49   49   49   49   47
   44   40   38   37   38   41   46   50   53   54   56   57   59   62   64   63
   59   52   44   37   32   30   31   34   38
    45.0-180.0 180.0   5.0 450.0                            LAT/LON1/LON2/DLON/H
   38   40   40   41   41   41   41   43   47   51   55   59   62   65   70   76
   82   89   93   96   97  100  103  108  110  111  110  107  104  101  100   97
   95   90   86   82   79   77   74   70   67   62   59   57   56   56   56   55
   52   48   45   44   45   48   51   55   57   57   57   57   59   62   64   64
   61   56   49   42   37   34   34   36   38
    42.5-180.0 180.0   5.0 450.0                            LAT/LON1/LON2/DLON/H
   38   38   38   39   39   41   42   46   52   59   64   69   73   76   80   85
   91   98  103  107  111  115  120  124  125  124  119  113  107  102  100   99
   97   94   91   90   88   88   85   81   77   71   68   65   64   64   64   62
   58   55   52   51   51   52   54   56   57   56   55   56   58   61   64   65
   64   60   53   47   41   39   38   38   38
    40.0-180.0 180.0   5.0 450.0                            LAT/LON1/LON2/DLON/H
   38   37   36   36   38   40   43   49   57   65   73   79   84   87   91   95
  101  107  114  120  126  132  136  139  139  134  126  117  109  103  100   99
   98   97   97   97   98   98   96   92   87   81   77   74   72   72   72   70
   66   62   59   57   56   56   56   56   55   54   53   54   56   60   64   66
   66   63   58   52   47   44   41   40   38
    37.5-180.0 180.0   5.0 450.0                            LAT/LON1/LON2/DLON/H
   39   36   35   35   36   38   43   50   60   72   82   89   94   98  102  106
  111  118  126  134  140  145  149  151  148  141  131  121  111  105  101  101
  102  103  104  107  109  110  107  103   97   91   86   82   81   80   79   76
   72   68   65   62   60   58   56   54   52   51   51   52   55   59   64   67
   68   66   62   57   52   49   45   42   39
    35.0-180.0 180.0   5.0 450.0                            LAT/LON1/LON2/DLON/H
   41   37   35   35   36   37   42   49   62   77   88   97  104  108  112  117
  123  130  138  145  151  156  157  156  152  143  132  123  116  112  108  109
  110  112  115  119  122  122  119  113  106   99   93   90   89   89   86   83
   77   73   69   67   64   61   57   53   51   49   50   53   56   60   65   69
   70   69   65   61   56   53   50   46   41
    32.5-180.0 180.0   5.0 450.0                            LAT/LON1/LON2/DLON/H
   43   39   36   35   36   37   41   50   64   80   93  103  110  117  122  128
  136  143  150  156  159  160  158  154  148  139  132  128  126  126  124  123
  124  127  131  135  138  137  131  123  114  106  100   97   96   95   92   87
   82   77   73   70   67   64   59   55   52   51   52   55   59   63   67   71
   72   71   67   63   59   56   53   49   43
    30.0-180.0 180.0   5.0 450.0                            LAT/LON1/LON2/DLON/H
   46   42   39   38   37   38   41   50   65   81   96  106  115  124  132  140
  149  156  162  164  163  159  153  147  140  135  133  136  143  148  148  147
  146  149  153  156  157  152  143  132  121  112  106  102  101   99   96   90
   84   80   76   72   70   68   64   60   57   55   57   59   63   67   70   72
   73   71   67   63   59   56   55   51   46
    27.5-180.0 180.0   5.0 450.0                            LAT/LON1/LON2/DLON/H
   49   45   43   41   40   39   42   52   67   83   97  108  118  129  140  150
  161  169  174  172  165  155  145  138  134  132  138  151  167  179  181  179
  177  177  179  181  178  168  156  141  128  117  110  106  104  102   97   92
   87   82   78   75   74   72   70   66   64   62   63   66   68   70   71   73
   72   70   66   61   57   55   55   52   49
    25.0-180.0 180.0   5.0 450.0                            LAT/LON1/LON2/DLON/H
   50   48   46   45   43   42   45   54   69   84   97  109  121  133  146  160
  173  182  184  179  167  153  141  134  133  138  151  174  199  217  222  218
  213  209  209  207  199  185  168  150  135  123  114  109  106  102   98   93
   88   84   80   78   77   76   75   73   71   69   69   70   72   73   73   73
   72   69   63   58   54   53   53   52   50
    22.5-180.0 180.0   5.0 450.0                            LAT/LON1/LON2/DLON/H
   50   50   50   49   48   46   50   59   72   86   98  111  123  138  153  169
  185  194  195  187  171  155  144  140  143  155  176  205  237  258  265  260
  250  242  238  232  219  201  180  160  143  129  119  111  106  102   98   94
   89   86   81   79   79   79   79   78   77   74   73   73   74   74   73   72
   70   66   61   55   51   49   50   50   50
    20.0-180.0 180.0   5.0 450.0                            LAT/LON1/LON2/DLON/H
   49   50   51   52   51   50   54   64   77   90  101  113  127  142  159  177
  195  206  207  197  181  165  156  157  167  184  209  242  275  298  305  297
  282  271  263  253  236  214  191  170  152  138  126  116  109  103   98   94
   91   87   83   80   80   80   81   81   80   76   75   74   73   72   71   70
   69   65   59   53   49   47   47   48   49
    17.5-180.0 180.0   5.0 450.0                            LAT/LON1/LON2/DLON/H
   47   49   51   53   53   54   59   70   84   96  107  118  132  149  167  186
  205  218  219  210  196  183  179  185  199  220  247  279  309  329  333  323
  305  290  279  266  248  224  201  181  164  149  136  123  114  106  100   96
   92   89   84   81   80   80   80   81   80   77   74   72   71   70   69   69
   68   64   59   53   48   45   44   45   47
    15.0-180.0 180.0   5.0 450.0                            LAT/LON1/LON2/DLON/H
   44   47   50   52   53   56   63   76   90  103  114  126  140  157  175  194
  215  229  233  226  215  208  209  220  237  258  282  309  332  347  347  334
  315  297  285  272  254  231  210  192  177  163  148  134  122  112  104   99
   94   89   85   81   80   78   79   79   78   76   72   70   68   68   68   68
   67   65   60   54   49   46   43   43   44
    12.5-180.0 180.0   5.0 450.0                            LAT/LON1/LON2/DLON/H
   41   43   46   48   51   56   66   80   96  111  123  136  150  166  184  203
  225  240  247  243  237  236  242  257  274  291  308  325  340  347  343  328
  310  295  285  274  257  237  219  205  193  179  164  149  134  121  111  102
   96   91   86   83   80   78   78   78   78   75   71   68   67   67   67   68
   68   65   62   57   51   47   43   41   41
    10.0-180.0 180.0   5.0 450.0                            LAT/LON1/LON2/DLON/H
   38   39   40   43   46   53   66   83  101  117  132  146  161  177  194  213
  234  251  260  261  261  264  275  289  302  311  319  326  331  331  324  310
  297  287  282  274  259  242  228  218  208  196  182  165  149  133  119  107
   99   93   89   85   82   79   79   80   79   76   73   70   68   68   69   70
   70   67   64   60   55   50   45   41   38
     7.5-180.0 180.0   5.0 450.0                            LAT/LON1/LON2/DLON/H
   36   35   35   36   40   49   64   84  104  123  139  155  170  186  203  223
  243  261  273  279  282  290  301  313  319  319  315  313  310  306  298  289
  284  282  282  277  264  249  237  229  221  211  197  181  163  145  127  112
  102   96   92   90   87   85   84   85   84   81   77   75   73   72   73   73
   72   70   66   62   58   53   47   40   36
     5.0-180.0 180.0   5.0 450.0                            LAT/LON1/LON2/DLON/H
   35   32   31   30   34   45   61   82  105  125  144  162  178  195  212  231
  250  269  283  292  300  309  319  326  325  316  302  292  286  281  277  276
  279  286  290  286  274  259  247  240  233  223  211  194  175  154  134  118
  106  100   99   98   96   95   94   95   95   91   87   83   80   79   79   77
   75   72   68   65   61   55   48   40   35
     2.5-180.0 180.0   5.0 450.0                            LAT/LON1/LON2/DLON/H
   35   31   28   27   31   42   60   82  105  126  146  166  184  201  218  236
  256  274  290  302  311  320  328  330  321  304  285  272  267  266  269  277
  290  302  307  301  286  268  255  246  239  231  218  202  183  161  140  123
  112  107  106  107  107  107  108  109  109  104  100   95   90   87   84   82
   78   74   71   66   62   57   49   41   35
