workspace/GNSS/igsg3420.18i
     1.0            IONOSPHERE MAPS     MIX                 IONEX VERSION / TYPE
cmpcmb v1.2          GRL/UWM            20-dec-18 04:45     PGM / RUN BY / DATE 
ionex file containing IGS COMBINED Ionosphere maps          COMMENT             
global ionosphere maps for day 342, 2018                    DESCRIPTION         
IONEX file containing the COMBINED IGS TEC MAPS and DCBs    DESCRIPTION         
      IONEX files of the following IAACs were combined: cod DESCRIPTION         
                                                        jpl DESCRIPTION         
Contact address: Andrzej Krankowski                         DESCRIPTION
                 Geodynamics Research Laboratory            DESCRIPTION
                 University of Warmia and Mazury (GRL/UWM)  DESCRIPTION
                 Oczapowski St. 1                           DESCRIPTION
                 10-957-Olsztyn, POLAND                     DESCRIPTION
                 e-mail:  kand@uwm.edu.pl                   DESCRIPTION
                                                            DESCRIPTION         
  2018    12     8     0     0     0                        EPOCH OF FIRST MAP  
  2018    12     9     0     0     0                        EPOCH OF LAST MAP   
  7200                                                      INTERVAL            
    13                                                      # OF MAPS IN FILE   
  COSZ                                                      MAPPING FUNCTION    
     0.0                                                    ELEVATION CUTOFF    
combined TEC calculated as weighted mean of input TEC valuesOBSERVABLES USED    
   328                                                      # OF STATIONS       
    32                                                      # OF SATELLITES     
  6371.0                                                    BASE RADIUS         
     2                                                      MAP DIMENSION       
   450.0 450.0   0.0                                        HGT1 / HGT2 / DHGT  
    87.5 -87.5  -2.5                                        LAT1 / LAT2 / DLAT  
  -180.0 180.0   5.0                                        LON1 / LON2 / DLON  
    -1                                                      EXPONENT            
TEC values in 0.1 tec units;  9999, if no value available   COMMENT             
DCB values in nanoseconds, reference is Sum_of_SatDCBs = 0  COMMENT             
                                                            END OF HEADER       
[from data line 1716]
     5                                                      START OF TEC MAP    
  2018    12     8     8     0     0                        EPOCH OF CURRENT MAP
    87.5-180.0 180.0   5.0 450.0                            LAT/LON1/LON2/DLON/H
   26   27   27   27   27   27   27   27   27   27   26   26   26   26   26   25
   25   25   24   24   24   23   23   23   23   23   23   23   24   24   24   24
   24   24   24   24   24   24   24   24   24   24   24   24   24   24   23   23
   23   23   23   23   23   23   23   23   23   23   23   23   23   23   23   24
   24   24   25   25   25   26   26   26   26
    85.0-180.0 180.0   5.0 450.0                            LAT/LON1/LON2/DLON/H
   29   30   31   31   32   31   31   31   30   30   29   28   28   26   25   24
   23   23   22   21   20   20   19   19   19   20   20   20   21   21   22   22
   23   23   24   24   24   25   25   24   24   24   24   24   23   23   23   23
   22   22   21   20   20   20   20   19   19   19   19   19   19   20   20   21
   22   23   24   25   26   27   28   29   29
    82.5-180.0 180.0   5.0 450.0                            LAT/LON1/LON2/DLON/H
   31   33   34   35   36   36   36   35   34   33   31   30   28   26   24   22
   20   19   17   16   15   15   14   15   15   16   17   17   18   19   20   21
   22   23   24   25   25   26   26   25   25   25   25   24   24   23   22   21
   21   20   20   19   18   17   16   16   15   15   15   15   15   15   16   17
   18   20   21   23   24   26   28   30   31
    80.0-180.0 180.0   5.0 450.0                            LAT/LON1/LON2/DLON/H
   32   35   37   38   39   40   39   39   38   36   34   31   29   25   23   20
   18   15   13   12   11   10   10   10   11   12   13   15   17   18   20   21
   22   24   25   26   26   26   26   26   26   26   25   24   23   23   22   21
   20   20   19   18   17   16   15   14   13   12   12   12   11   11   12   13
   14   16   18   20   22   25   28   30   32
    77.5-180.0 180.0   5.0 450.0                            LAT/LON1/LON2/DLON/H
   32   35   37   40   41   42   42   41   40   38   35   32   29   26   22   19
   16   13   12   10   10    9   10   10   11   12   14   16   17   19   21   22
   24   24   25   26   26   26   26   26   26   26   25   25   24   23   23   22
   22   21   20   19   19   18   16   15   14   13   12   11   10    9   10   10
   11   12   14   17   19   22   26   29   32
    75.0-180.0 180.0   5.0 450.0                            LAT/LON1/LON2/DLON/H
   30   34   36   39   41   42   43   42   41   39   36   33   29   25   22   19
   16   14   12   11   11   11   11   12   14   15   17   19   20   22   23   24
   25   25   25   25   25   25   25   25   25   25   25   25   25   24   24   24
   24   24   23   23   22   22   21   19   18   16   14   12   10    9    9    8
    9   10   11   13   16   19   23   27   30
    72.5-180.0 180.0   5.0 450.0                            LAT/LON1/LON2/DLON/H
   27   30   34   37   39   40   41   42   41   38   36   33   29   26   23   20
   18   16   15   15   15   16   17   17   19   20   22   23   24   25   25   25
   24   24   23   23   22   22   22   23   24   24   26   26   26   27   27   28
   28   28   28   28   28   27   27   25   23   21   18   16   14   11   10    9
    8    9   10   12   14   16   19   23   27
    70.0-180.0 180.0   5.0 450.0                            LAT/LON1/LON2/DLON/H
   23   27   29   32   34   37   38   38   38   36   34   31   29   26   24   23
   22   22   22   22   22   22   23   24   25   26   27   28   28   28   27   25
   24   22   20   20   19   19   20   20   23   25   26   28   30   31   32   33
   34   34   35   34   34   34   32   31   29   26   23   20   17   15   12   11
    9    9    9   11   12   14   16   20   23
    67.5-180.0 180.0   5.0 450.0                            LAT/LON1/LON2/DLON/H
   20   22   24   26   29   31   32   34   34   32   31   29   27   26   25   25
   26   27   28   29   29   29   29   29   30   30   31   31   30   29   27   25
   22   20   17   15   15   16   17   19   23   25   29   32   35   37   38   40
   40   41   41   41   41   40   38   37   34   31   29   26   22   20   17   15
   13   12   11   11   13   14   16   18   20
    65.0-180.0 180.0   5.0 450.0                            LAT/LON1/LON2/DLON/H
   18   19   20   21   23   24   26   27   28   29   28   26   26   25   26   28
   30   31   33   34   34   34   34   33   33   32   32   32   31   29   27   24
   20   17   14   13   12   14   16   20   23   28   33   37   41   43   46   47
   48   49   49   48   47   45   43   41   39   36   33   30   27   24   22   20
   18   17   15   15   15   15   17   17   18
    62.5-180.0 180.0   5.0 450.0                            LAT/LON1/LON2/DLON/H
   19   18   17   17   18   19   21   22   23   24   24   24   24   25   27   29
   32   34   36   37   37   36   34   34   32   31   31   31   30   29   26   23
   19   16   14   12   12   14   17   21   27   32   38   42   47   50   53   55
   56   57   56   55   53   50   48   45   42   40   37   35   33   30   28   26
   24   22   21   20   19   19   19   19   19
    60.0-180.0 180.0   5.0 450.0                            LAT/LON1/LON2/DLON/H
   22   20   18   16   15   16   17   18   19   20   21   22   23   25   27   30
   33   35   36   36   35   34   32   31   29   29   29   29   29   28   25   23
   20   17   15   14   14   17   21   25   31   37   42   48   52   56   60   62
   64   64   63   61   58   54   52   49   46   44   42   40   38   36   34   32
   30   28   26   25   24   24   24   23   22
    57.5-180.0 180.0   5.0 450.0                            LAT/LON1/LON2/DLON/H
   27   24   21   18   16   15   15   16   17   19   20   21   22   25   27   30
   32   33   33   32   32   29   28   27   26   25   26   26   26   26   26   24
   23   21   19   19   19   22   27   32   37   43   48   53   58   62   66   68
   71   71   70   67   63   60   56   54   52   50   49   47   44   42   40   38
   36   33   31   30   29   29   29   29   27
    55.0-180.0 180.0   5.0 450.0                            LAT/LON1/LON2/DLON/H
   34   31   28   24   21   19   18   18   19   20   20   22   24   25   27   28
   29   29   28   27   26   24   23   22   22   22   23   25   25   26   27   27
   26   26   25   26   27   31   35   40   45   50   54   58   62   66   70   74
   76   77   75   73   69   65   62   60   59   58   56   54   51   49   46   44
   41   39   36   34   34   34   35   35   34
    52.5-180.0 180.0   5.0 450.0                            LAT/LON1/LON2/DLON/H
   41   40   36   33   29   27   25   24   23   23   24   24   25   27   27   27
   27   25   24   23   22   21   21   21   21   22   23   25   26   27   28   30
   31   32   33   34   37   41   45   50   54   58   60   63   66   70   74   77
   80   81   80   77   74   71   69   68   67   66   65   62   59   56   52   49
   46   43   40   39   38   38   39   41   41
    50.0-180.0 180.0   5.0 450.0                            LAT/LON1/LON2/DLON/H
   48   47   45   42   39   37   34   32   30   29   29   29   30   30   29   29
   26   25   23   22   21   22   22   23   24   25   25   27   28   29   31   33
   37   39   41   43   47   52   56   61   64   66   67   69   71   73   76   80
   82   83   83   81   79   76   75   75   75   75   73   70   66   62   58   54
   52   48   46   42   42   42   44   46   48
    47.5-180.0 180.0   5.0 450.0                            LAT/LON1/LON2/DLON/H
   53   54   54   52   50   47   44   42   40   38   37   36   36   36   35   33
   30   28   27   27   28   29   30   31   31   32   31   32   32   33   35   37
   41   46   49   53   57   63   68   72   74   75   75   75   75   77   79   81
   83   84   84   83   82   80   81   80   81   81   79   76   72   67   63   59
   56   54   50   47   46   46   48   51   53
    45.0-180.0 180.0   5.0 450.0                            LAT/LON1/LON2/DLON/H
   57   59   59   59   58   56   54   51   48   47   46   45   44   44   44   42
   41   39   39   39   40   41   42   42   42   41   40   39   39   38   39   42
   47   52   57   62   66   72   78   82   84   84   83   82   82   82   82   82
   84   85   85   85   84   84   84   84   83   83   80   78   73   70   66   64
   62   59   56   53   50   51   52   54   57
    42.5-180.0 180.0   5.0 450.0                            LAT/LON1/LON2/DLON/H
   60   62   63   64   64   62   60   58   56   55   55   55   54   55   56   56
   56   56   57   58   59   59   59   57   55   52   50   47   46   44   44   47
   52   58   64   69   74   81   86   91   92   92   91   89   88   87   86   85
   85   86   86   87   86   86   85   84   83   81   78   76   73   70   68   68
   66   64   61   58   55   54   55   57   60
    40.0-180.0 180.0   5.0 450.0                            LAT/LON1/LON2/DLON/H
   62   64   65   66   67   66   64   62   61   62   63   64   65   68   70   72
   75   77   79   80   80   79   77   73   68   64   59   57   54   51   50   51
   57   64   71   76   81   87   94   97  100  100   98   97   96   93   92   90
   88   88   89   90   91   89   87   85   81   78   75   72   71   71   70   70
   69   68   65   63   60   58   58   59   62
    37.5-180.0 180.0   5.0 450.0                            LAT/LON1/LON2/DLON/H
   63   64   65   66   66   66   64   64   65   67   70   75   78   81   85   90
   95   99  101  102  101   98   94   87   79   72   68   64   61   57   55   57
   62   70   77   82   87   93   99  103  106  106  105  104  103  102   99   97
   94   94   96   98  100   97   94   89   83   78   74   71   71   72   73   74
   73   71   69   66   64   62   61   61   63
    35.0-180.0 180.0   5.0 450.0                            LAT/LON1/LON2/DLON/H
   63   63   64   64   64   63   63   62   65   71   77   84   89   94   99  106
  113  119  121  121  117  112  104   96   86   78   73   70   67   63   60   62
   68   76   83   88   92   98  103  108  110  110  110  110  110  110  109  107
  105  106  109  114  115  113  108  101   93   86   79   77   77   79   80   79
   77   74   71   68   66   65   64   63   63
    32.5-180.0 180.0   5.0 450.0                            LAT/LON1/LON2/DLON/H
   64   63   61   60   60   60   59   60   65   72   82   91   99  104  110  118
  127  132  134  132  126  119  108   97   87   79   75   73   70   67   65   67
   74   82   89   94   97  102  107  111  114  115  115  116  119  121  123  123
  123  124  130  137  140  138  132  124  114  105   96   92   91   91   91   88
   82   77   73   70   69   67   66   65   64
    30.0-180.0 180.0   5.0 450.0                            LAT/LON1/LON2/DLON/H
   66   63   60   57   56   56   56   57   63   72   84   96  105  111  117  126
  134  140  140  135  127  117  106   94   83   76   72   72   71   68   67   70
   78   88   96  100  103  107  112  116  118  120  121  123  128  134  139  143
  147  151  159  169  175  173  166  156  146  134  124  117  114  112  108  101
   91   81   75   72   70   69   68   67   66
    27.5-180.0 180.0   5.0 450.0                            LAT/LON1/LON2/DLON/H
   69   65   60   56   54   54   54   56   61   70   83   97  107  114  120  128
  136  140  138  131  122  111   98   86   76   70   69   68   68   66   68   72
   83   94  103  107  111  114  118  121  123  125  127  131  139  149  160  168
  174  183  193  206  213  212  205  195  184  171  159  149  143  139  131  118
  103   88   78   73   71   70   70   69   69
    25.0-180.0 180.0   5.0 450.0                            LAT/LON1/LON2/DLON/H
   73   69   63   57   54   54   55   56   60   68   81   94  105  112  117  124
  132  135  131  122  112  100   88   77   67   63   62   63   62   63   65   73
   85   99  109  115  118  121  125  129  131  133  136  142  153  168  182  194
  204  214  227  241  250  250  243  233  222  208  195  184  176  169  157  139
  117   98   84   77   73   72   73   73   73
    22.5-180.0 180.0   5.0 450.0                            LAT/LON1/LON2/DLON/H
   78   75   68   62   58   58   58   59   62   67   78   90  100  106  111  117
  123  124  119  110  100   89   78   68   60   57   56   56   56   58   62   72
   87  102  115  122  126  129  134  139  142  146  149  157  170  187  204  218
  230  241  255  269  278  278  271  262  252  239  227  215  206  197  182  160
  134  111   94   83   78   76   76   77   78
    20.0-180.0 180.0   5.0 450.0                            LAT/LON1/LON2/DLON/H
   84   81   75   68   64   64   64   64   64   68   74   84   93   98  101  106
  111  112  106   98   89   80   71   62   55   52   51   50   49   51   58   70
   87  105  119  127  133  138  144  151  157  161  165  174  188  206  223  238
  248  259  272  284  292  291  286  278  270  259  248  238  230  221  205  181
  152  126  106   93   86   83   82   84   84
    17.5-180.0 180.0   5.0 450.0                            LAT/LON1/LON2/DLON/H
   90   88   81   73   70   70   71   70   69   70   73   80   86   89   92   96
   99   99   95   87   80   73   67   60   53   50   47   45   43   46   54   67
   87  106  121  132  140  147  156  165  173  178  183  191  204  221  237  249
  257  265  274  284  290  289  285  280  274  267  259  252  246  237  223  200
  171  142  121  106   97   92   90   90   90
    15.0-180.0 180.0   5.0 450.0                            LAT/LON1/LON2/DLON/H
   95   91   85   77   74   74   76   76   75   74   74   76   80   82   84   85
   88   89   86   81   75   70   65   60   54   49   44   40   38   41   50   65
   85  106  122  135  145  154  166  179  189  197  202  208  219  232  244  252
  257  260  266  272  277  276  273  270  267  264  260  256  253  247  235  214
  188  159  137  121  111  104  100   97   95
    12.5-180.0 180.0   5.0 450.0                            LAT/LON1/LON2/DLON/H
   99   93   85   78   75   77   79   80   79   77   76   76   76   78   77   79
   81   83   81   77   73   70   66   61   55   49   44   38   35   38   48   64
   85  105  123  136  149  161  175  190  204  213  218  223  231  239  246  250
  250  250  252  255  257  257  254  253  254  254  254  253  253  250  241  225
  201  175  153  137  126  118  110  105   99
    10.0-180.0 180.0   5.0 450.0                            LAT/LON1/LON2/DLON/H
  101   91   83   75   72   74   78   81   82   80   78   76   75   75   75   76
   78   80   80   78   74   71   68   62   57   50   43   37   34   38   48   64
   84  104  122  137  150  165  180  197  213  224  231  234  238  242  244  244
  242  240  238  239  239  238  236  238  241  245  247  248  249  248  243  232
  212  189  168  152  140  131  121  111  101
     7.5-180.0 180.0   5.0 450.0                            LAT/LON1/LON2/DLON/H
  102   89   78   70   67   68   73   77   79   80   78   76   75   74   74   76
   78   81   82   81   78   74   69   64   58   52   44   37   34   38   50   66
   84  103  120  135  151  166  183  200  218  231  238  241  242  242  241  239
  236  234  232  231  230  228  227  229  234  239  243  245  246  247  245  237
  221  199  179  163  152  141  129  116  102
     5.0-180.0 180.0   5.0 450.0                            LAT/LON1/LON2/DLON/H
  103   88   74   65   61   61   65   70   74   76   76   74   73   74   75   77
   79   83   85   85   81   75   70   64   59   52   45   38   36   41   52   67
   85  102  119  135  151  166  182  200  217  232  241  244  243  241  239  238
  237  235  234  233  232  230  229  231  237  243  246  246  248  248  247  240
  226  206  187  171  159  148  135  120  103
     2.5-180.0 180.0   5.0 450.0                            LAT/LON1/LON2/DLON/H
  105   88   74   63   58   57   59   63   67   70   71   71   72   73   75   77
   80   83   87   87   83   76   69   64   58   53   46   40   39   44   55   70
   86  103  118  134  150  165  180  196  213  228  237  242  242  241  240  242
  243  246  247  248  248  247  247  249  254  258  258  257  255  255  252  245
  231  212  191  176  163  152  140  123  105
