workspace/GNSS/igsg1870.18i
     1.0            IONOSPHERE MAPS     MIX                 IONEX VERSION / TYPE
cmpcmb v1.2          GRL/UWM            25-jul-18 06:46     PGM / RUN BY / DATE 
ionex file containing IGS COMBINED Ionosphere maps          COMMENT             
global ionosphere maps for day 187, 2018                    DESCRIPTION         
IONEX file containing the COMBINED IGS TEC MAPS and DCBs    DESCRIPTION         
      IONEX files of the following IAACs were combined: cod DESCRIPTION         
                                                        jpl DESCRIPTION         
Contact address: Andrzej Krankowski                         DESCRIPTION
                 Geodynamics Research Laboratory            DESCRIPTION
                 University of Warmia and Mazury (GRL/UWM)  DESCRIPTION
                 Oczapowski St. 1                           DESCRIPTION
                 10-957-Olsztyn, POLAND                     DESCRIPTION
                 e-mail:  kand@uwm.edu.pl                   DESCRIPTION
                                                            DESCRIPTION         
  2018     7     6     0     0     0                        EPOCH OF FIRST MAP  
  2018     7     7     0     0     0                        EPOCH OF LAST MAP   
  7200                                                      INTERVAL            
    13                                                      # OF MAPS IN FILE   
  COSZ                                                      MAPPING FUNCTION    
     0.0                                                    ELEVATION CUTOFF    
combined TEC calculated as weighted mean of input TEC valuesOBSERVABLES USED    
   338                                                      # OF STATIONS       
    32                                                      # OF SATELLITES     
  6371.0                                                    BASE RADIUS         
     2                                                      MAP DIMENSION       
   450.0 450.0   0.0                                        HGT1 / HGT2 / DHGT  
    87.5 -87.5  -2.5                                        LAT1 / LAT2 / DLAT  
  -180.0 180.0   5.0                                        LON1 / LON2 / DLON  
    -1                                                      EXPONENT            
TEC values in 0.1 tec units;  9999, if no value available   COMMENT             
DCB values in nanoseconds, reference is Sum_of_SatDCBs = 0  COMMENT             
                                                            END OF HEADER       
[from data line 3003]
     8                                                      START OF TEC MAP    
  2018     7     6    14     0     0                        EPOCH OF CURRENT MAP
    87.5-180.0 180.0   5.0 450.0                            LAT/LON1/LON2/DLON/H
   68   68   68   68   68   67   68   68   68   68   68   69   69   69   69   70
   70   71   71   71   72   72   73   73   74   74   75   75   75   76   76   77
   77   78   78   78   79   79   79   79   79   79   79   79   79   79   79   79
   79   79   78   78   78   77   77   76   76   75   75   74   74   73   73   72
   72   71   70   70   69   69   69   69   68
    85.0-180.0 180.0   5.0 450.0                            LAT/LON1/LON2/DLON/H
   65   64   64   64   64   64   64   64   64   65   65   66   66   67   68   68
   69   70   71   72   73   73   74   75   75   76   77   78   78   79   79   80
   81   81   82   83   83   83   84   84   84   84   84   84   85   85   84   84
   84   83   83   82   81   81   80   79   78   77   76   75   74   73   72   71
   70   69   68   67   67   66   65   65   65
    82.5-180.0 180.0   5.0 450.0                            LAT/LON1/LON2/DLON/H
   62   62   62   62   62   62   63   63   64   64   65   65   66   67   68   70
   71   72   73   74   75   76   76   77   78   78   79   80   80   81   81   82
   83   84   84   84   85   86   86   86   87   87   88   88   88   88   88   88
   87   87   86   85   84   83   82   81   80   79   77   76   75   73   72   71
   70   68   67   66   65   64   64   63   62
    80.0-180.0 180.0   5.0 450.0                            LAT/LON1/LON2/DLON/H
   63   62   62   62   62   63   63   64   64   65   66   68   69   70   71   72
   74   75   76   77   78   79   79   80   80   81   81   81   81   82   83   83
   84   84   85   85   85   86   86   87   87   87   88   88   89   89   89   89
   89   89   88   87   86   85   83   82   80   79   77   76   74   73   72   70
   69   68   67   65   65   64   64   63   63
    77.5-180.0 180.0   5.0 450.0                            LAT/LON1/LON2/DLON/H
   64   64   64   64   64   65   66   66   68   68   70   71   72   74   75   77
   78   79   80   81   82   82   83   83   83   83   82   82   82   82   83   83
   84   84   84   84   84   84   84   85   85   85   86   87   87   88   88   88
   88   88   87   86   85   84   83   81   79   78   76   75   73   72   71   69
   69   67   67   66   65   65   65   64   64
    75.0-180.0 180.0   5.0 450.0                            LAT/LON1/LON2/DLON/H
   66   66   67   67   68   68   69   70   71   72   74   75   77   78   80   82
   83   84   85   86   86   86   86   86   85   84   83   83   82   82   82   82
   82   82   82   82   82   82   82   81   81   82   82   83   84   85   86   86
   86   85   85   84   83   82   80   78   77   76   74   73   72   70   69   69
   67   67   67   67   67   66   66   66   66
    72.5-180.0 180.0   5.0 450.0                            LAT/LON1/LON2/DLON/H
   68   69   69   69   70   71   72   73   74   76   77   79   80   82   83   85
   87   88   88   89   89   89   88   87   86   84   83   82   81   80   80   80
   80   81   81   80   80   80   79   78   78   78   79   79   80   81   81   83
   82   82   81   81   79   78   76   75   74   73   72   71   70   69   68   68
   67   67   67   67   68   68   68   68   68
    70.0-180.0 180.0   5.0 450.0                            LAT/LON1/LON2/DLON/H
   69   70   70   71   72   73   74   75   77   78   80   81   83   84   85   87
   88   88   89   90   90   90   89   87   86   84   82   80   79   78   78   78
   79   79   79   79   79   78   77   76   76   76   76   76   77   78   78   80
   79   79   78   77   76   75   73   72   72   71   70   70   69   68   67   67
   67   66   66   67   68   68   68   69   69
    67.5-180.0 180.0   5.0 450.0                            LAT/LON1/LON2/DLON/H
   69   69   70   71   72   73   75   76   77   78   80   82   83   84   85   86
   86   87   88   89   89   89   88   87   85   83   80   79   78   77   76   77
   78   79   79   79   79   78   76   76   75   74   75   76   76   76   78   78
   77   77   76   74   73   72   71   70   70   70   70   70   69   69   67   67
   66   66   66   66   67   68   68   68   69
    65.0-180.0 180.0   5.0 450.0                            LAT/LON1/LON2/DLON/H
   67   67   68   69   71   72   74   76   77   77   78   80   81   82   83   83
   84   84   85   86   87   87   86   85   83   81   79   78   76   76   76   76
   78   79   79   80   79   79   78   77   76   76   76   77   78   78   78   78
   77   76   74   73   71   70   69   69   69   70   71   71   71   70   69   67
   66   65   64   65   65   66   67   67   67
    62.5-180.0 180.0   5.0 450.0                            LAT/LON1/LON2/DLON/H
   65   66   66   68   69   71   73   74   75   75   76   77   78   79   80   80
   80   81   82   83   83   84   83   82   81   79   78   77   76   75   76   77
   78   80   81   82   82   81   80   80   79   80   80   81   81   81   81   80
   78   76   75   73   71   70   69   70   70   71   73   74   74   73   71   68
   65   63   62   62   62   63   64   64   65
    60.0-180.0 180.0   5.0 450.0                            LAT/LON1/LON2/DLON/H
   62   64   65   67   69   70   72   72   72   72   72   74   75   77   77   78
   78   78   79   80   80   81   80   80   80   78   77   77   76   76   77   78
   80   82   83   84   84   85   84   84   85   86   86   86   86   85   84   83
   81   79   76   74   72   71   71   71   73   74   76   77   78   76   74   70
   66   62   60   59   60   60   61   62   62
    57.5-180.0 180.0   5.0 450.0                            LAT/LON1/LON2/DLON/H
   62   62   64   66   69   70   72   72   71   70   70   71   73   74   76   76
   76   76   77   78   78   78   78   79   79   78   78   78   78   78   80   81
   83   85   87   88   88   89   89   90   91   92   92   92   91   90   88   86
   84   81   79   76   75   74   73   74   75   78   80   82   82   80   76   72
   67   62   60   58   59   59   60   60   62
    55.0-180.0 180.0   5.0 450.0                            LAT/LON1/LON2/DLON/H
   62   63   66   68   71   72   74   74   72   70   69   69   71   73   75   76
   76   77   77   77   77   77   78   78   79   79   79   80   80   81   83   86
   87   89   90   92   92   94   95   97   98   99   99   98   97   94   91   89
   86   84   82   80   78   77   76   77   79   82   84   86   86   83   79   74
   68   64   61   60   59   60   61   61   62
    52.5-180.0 180.0   5.0 450.0                            LAT/LON1/LON2/DLON/H
   66   67   68   71   73   76   78   78   76   73   70   70   71   73   75   76
   78   78   79   79   78   78   79   80   81   81   82   82   83   84   87   89
   92   93   95   96   97   99  101  103  106  106  105  103  100   97   93   90
   88   87   85   84   83   81   80   81   83   86   88   90   89   86   82   76
   72   68   66   65   65   66   66   65   66
    50.0-180.0 180.0   5.0 450.0                            LAT/LON1/LON2/DLON/H
   71   72   73   75   79   82   85   85   82   78   74   72   72   73   76   78
   80   81   81   81   81   80   80   81   82   83   84   85   86   88   91   94
   96   97   98  100  102  104  107  110  112  113  111  107  103   98   94   91
   90   90   89   89   88   86   85   85   87   90   92   93   92   89   84   80
   76   74   74   74   74   74   73   72   71
    47.5-180.0 180.0   5.0 450.0                            LAT/LON1/LON2/DLON/H
   80   79   79   81   84   87   91   93   91   85   80   77   75   76   78   80
   82   84   85   85   84   82   82   83   84   86   87   88   90   92   95   97
   99  100  102  104  107  110  114  118  119  119  115  111  104   99   95   93
   92   93   95   94   93   91   90   90   91   93   95   96   95   91   87   82
   81   81   83   84   85   85   83   81   80
    45.0-180.0 180.0   5.0 450.0                            LAT/LON1/LON2/DLON/H
   88   87   86   86   88   91   96   99   98   93   87   83   80   79   80   82
   85   88   89   89   87   86   85   85   87   89   90   91   93   96   98  101
  103  104  106  109  113  116  122  125  126  125  120  113  107  100   96   95
   96   98   99  100   99   98   96   95   96   97   98   98   97   93   88   86
   86   88   92   95   97   96   93   91   88
    42.5-180.0 180.0   5.0 450.0                            LAT/LON1/LON2/DLON/H
   95   93   91   89   89   92   97  102  103  100   94   90   86   83   83   85
   88   91   93   93   92   89   88   88   89   90   92   93   96   98  101  104
  107  109  112  115  119  124  129  132  133  131  125  117  110  103  100  100
  101  104  105  105  105  103  102  101  100  100  101  100   98   94   90   88
   89   94   99  104  105  104  102   98   95
    40.0-180.0 180.0   5.0 450.0                            LAT/LON1/LON2/DLON/H
  100   96   93   90   88   90   95  101  104  104  101   97   92   89   88   89
   92   96   98   98   97   93   91   90   91   92   93   95   98  101  104  107
  110  113  117  121  125  131  136  140  141  138  132  124  116  109  107  106
  108  110  111  111  110  109  107  106  104  103  103  101   99   95   91   90
   91   96  103  108  110  109  106  103  100
    37.5-180.0 180.0   5.0 450.0                            LAT/LON1/LON2/DLON/H
   99   96   92   87   83   83   88   96  102  106  106  103  100   96   94   96
   98  102  105  105  102   98   94   93   93   94   95   97  100  103  107  110
  114  119  123  128  132  137  143  147  148  145  139  132  124  119  116  115
  116  118  117  116  115  114  112  110  107  105  103  102  100   96   92   90
   92   97  104  109  110  109  106  103   99
    35.0-180.0 180.0   5.0 450.0                            LAT/LON1/LON2/DLON/H
   97   93   88   82   77   75   79   88   97  105  109  109  107  104  103  104
  107  111  113  112  108  102   97   95   95   95   97   99  102  105  109  114
  120  125  131  135  140  145  150  155  156  154  148  142  136  130  127  125
  125  125  123  122  121  120  118  114  109  106  103  101   99   96   92   90
   91   96  102  107  106  105  102   99   97
    32.5-180.0 180.0   5.0 450.0                            LAT/LON1/LON2/DLON/H
   91   87   83   76   69   66   69   77   88  100  109  112  112  112  112  114
  118  121  122  120  114  106  100   97   97   98  100  102  104  108  113  119
  125  132  139  143  147  151  156  161  163  162  158  153  148  142  139  136
  134  133  130  128  128  126  123  117  111  105  102  100   98   96   92   89
   89   92   97  101  100   98   94   92   91
    30.0-180.0 180.0   5.0 450.0                            LAT/LON1/LON2/DLON/H
   84   82   78   71   63   58   59   66   79   92  105  112  115  117  121  125
  128  131  131  127  119  110  102   99   99  101  103  105  108  111  117  125
  133  141  148  152  154  158  163  167  169  169  167  164  159  154  149  146
  143  141  138  137  136  133  128  120  111  104   99   98   96   94   91   87
   85   88   92   94   93   89   87   85   84
    27.5-180.0 180.0   5.0 450.0                            LAT/LON1/LON2/DLON/H
   78   77   74   67   60   54   51   56   67   82   96  107  114  120  127  133
  137  140  139  133  123  113  104  101  102  104  107  110  113  117  124  133
  143  152  158  161  162  165  169  173  175  176  176  173  169  163  158  154
  151  149  147  146  145  141  132  122  109  101   96   94   93   91   88   84
   82   84   86   88   85   82   79   78   78
    25.0-180.0 180.0   5.0 450.0                            LAT/LON1/LON2/DLON/H
   74   74   72   67   59   51   48   49   57   70   85   99  110  120  129  138
  143  145  142  136  125  114  106  103  104  108  112  115  119  124  132  143
  155  164  170  172  172  173  176  179  181  182  182  180  176  170  164  160
  157  156  157  157  154  147  136  121  108   97   92   90   90   88   84   81
   78   79   82   82   79   75   73   73   74
    22.5-180.0 180.0   5.0 450.0                            LAT/LON1/LON2/DLON/H
   71   73   72   68   62   54   46   45   50   60   74   88  102  116  129  139
  145  146  143  135  125  114  106  105  107  112  117  122  127  134  144  156
  168  177  182  183  182  182  184  186  187  187  187  184  180  174  168  164
  163  164  166  167  163  153  137  120  104   94   89   87   86   84   81   77
   74   75   76   76   73   70   68   70   71
    20.0-180.0 180.0   5.0 450.0                            LAT/LON1/LON2/DLON/H
   69   72   73   71   66   58   49   45   47   54   65   78   93  109  124  136
  142  143  139  131  123  114  108  107  111  117  123  129  137  145  156  169
  180  190  194  194  192  192  193  195  194  193  191  188  182  176  171  167
  167  170  175  176  169  155  136  117  101   92   87   85   83   80   76   73
   71   71   72   72   70   66   65   67   69
    17.5-180.0 180.0   5.0 450.0                            LAT/LON1/LON2/DLON/H
   67   70   73   73   70   62   54   49   48   52   59   71   86  103  118  130
  137  137  133  126  119  113  109  110  114  121  129  137  146  157  168  181
  192  200  204  204  202  202  203  203  201  198  194  189  183  177  171  168
  170  175  181  181  172  155  133  113   98   90   86   84   81   76   72   69
   68   68   70   70   67   64   63   64   67
    15.0-180.0 180.0   5.0 450.0                            LAT/LON1/LON2/DLON/H
   64   68   72   74   72   65   58   54   53   54   59   67   81   97  113  124
  130  130  126  120  115  111  110  113  118  126  135  145  155  167  179  191
  202  208  211  211  210  211  212  212  209  203  196  190  184  176  171  168
  170  177  183  182  171  151  127  109   96   90   87   84   80   74   69   66
   65   67   69   69   66   63   62   62   64
    12.5-180.0 180.0   5.0 450.0                            LAT/LON1/LON2/DLON/H
   61   64   68   71   70   66   61   58   57   58   61   68   79   92  107  119
  125  126  122  117  113  111  112  116  122  130  140  151  163  174  186  197
  206  212  215  215  215  216  218  218  214  207  198  190  182  175  168  165
  167  174  181  178  165  144  121  104   94   90   89   86   80   73   67   65
   64   66   68   68   66   64   62   61   61
    10.0-180.0 180.0   5.0 450.0                            LAT/LON1/LON2/DLON/H
   58   59   62   65   65   63   60   60   61   63   65   69   78   91  105  116
  123  124  121  117  114  113  115  119  126  134  145  156  168  179  190  199
  206  211  214  215  216  218  221  222  218  209  199  188  179  171  163  159
  161  167  173  169  155  134  113   99   92   92   91   87   80   73   67   64
   65   65   67   67   67   64   62   60   58
     7.5-180.0 180.0   5.0 450.0                            LAT/LON1/LON2/DLON/H
   56   54   55   57   58   56   55   57   61   64   67   71   78   89  103  115
  123  126  124  121  118  116  118  122  129  137  148  159  170  180  189  196
  202  207  209  211  213  216  219  220  216  208  197  184  174  164  156  151
  152  156  160  156  143  123  105   94   91   92   92   88   82   74   68   65
   65   66   66   67   67   65   63   60   56
     5.0-180.0 180.0   5.0 450.0                            LAT/LON1/LON2/DLON/H
   54   51   50   50   49   48   48   52   57   62   65   70   77   88  101  115
  125  129  130  127  124  122  122  125  131  140  149  160  170  178  185  190
  194  198  200  202  204  207  211  213  211  203  191  178  166  156  147  141
  140  142  144  140  128  112   98   89   88   90   90   87   82   75   70   67
   67   66   66   66   67   66   64   60   54
     2.5-180.0 180.0   5.0 450.0                            LAT/LON1/LON2/DLON/H
   55   50   46   45   42   40   41   44   50   55   60   66   73   85   99  114
  126  134  136  135  132  128  127  129  134  141  150  159  167  173  178  181
  184  186  188  190  191  194  198  201  200  193  182  168  156  145  136  130
  127  127  127  123  113  102   91   85   84   86   87   85   80   75   72   70
   68   66   65   65   67   67   65   61   55
