workspace/GNSS/igsg3420.18i
     1.0            IONOSPHERE MAPS     MIX                 IONEX VERSION / TYPE
cmpcmb v1.2          GRL/UWM            20-dec-18 04:45     PGM / RUN BY / DATE 
ionex file containing IGS COMBINED Ionosphere maps          COMMENT             
global ionosphere maps for day 342, 2018                    DESCRIPTION         
IONEX file containing the COMBINED IGS TEC MAPS and DCBs    DESCRIPTION         
      IONEX files of the following IAACs were combined: cod DESCRIPTION         
                                                        jpl DESCRIPTION         
Contact address: Andrzej Krankowski                         DESCRIPTION
                 Geodynamics Research Laboratory            DESCRIPTION
                 University of Warmia and Mazury (GRL/UWM)  DESCRIPTION
                 Oczapowski St. 1                           DESCRIPTION
                 10-957-Olsztyn, POLAND                     DESCRIPTION
                 e-mail:  kand@uwm.edu.pl                   DESCRIPTION
                                                            DESCRIPTION         
  2018    12     8     0     0     0                        EPOCH OF FIRST MAP  
  2018    12     9     0     0     0                        EPOCH OF LAST MAP   
  7200                                                      INTERVAL            
    13                                                      # OF MAPS IN FILE   
  COSZ                                                      MAPPING FUNCTION    
     0.0                                                    ELEVATION CUTOFF    
combined TEC calculated as weighted mean of input TEC valuesOBSERVABLES USED    
   328                                                      # OF STATIONS       
    32                                                      # OF SATELLITES     
  6371.0                                                    BASE RADIUS         
     2                                                      MAP DIMENSION       
   450.0 450.0   0.0                                        HGT1 / HGT2 / DHGT  
    87.5 -87.5  -2.5                                        LAT1 / LAT2 / DLAT  
  -180.0 180.0   5.0                                        LON1 / LON2 / DLON  
    -1                                                      EXPONENT            
TEC values in 0.1 tec units;  9999, if no value available   COMMENT             
DCB values in nanoseconds, reference is Sum_of_SatDCBs = 0  COMMENT             
                                                            END OF HEADER       
[from data line 4719]
    12                                                      START OF TEC MAP    
  2018    12     8    22     0     0                        EPOCH OF CURRENT MAP
    87.5-180.0 180.0   5.0 450.0                            LAT/LON1/LON2/DLON/H
   17   17   17   17   17   17   17   17   17   17   16   16   16   16   15   15
   14   14   13   13   13   12   12   12   11   11   11   11   11   11   10   10
   10   10   10   10   10   10   10   11   11   11   11   12   12   12   12   12
   12   13   13   13   14   14   14   14   14   14   15   15   15   16   16   16
   16   17   17   17   17   17   17   17   17
    85.0-180.0 180.0   5.0 450.0                            LAT/LON1/LON2/DLON/H
   20   21   21   21   21   21   21   21   21   21   21   20   20   19   18   18
   17   15   15   14   13   12   12   11   10   10    9    8    8    7    7    8
    8    8    8    8    8    8    9    9    9   10   10   11   11   12   13   13
   14   14   14   14   15   15   15   15   16   16   16   16   16   17   17   17
   18   18   18   19   19   20   20   20   20
    82.5-180.0 180.0   5.0 450.0                            LAT/LON1/LON2/DLON/H
   22   23   23   24   24   25   25   26   26   26   25   25   24   23   22   21
   20   18   17   16   14   13   12   10    9    9    8    8    8    8    8    8
    8    8    8    8    9    9    9    9   10   11   11   12   13   13   13   14
   14   15   15   16   16   16   16   17   17   17   17   17   17   17   17   17
   17   18   18   19   19   20   21   21   22
    80.0-180.0 180.0   5.0 450.0                            LAT/LON1/LON2/DLON/H
   23   24   25   26   27   28   28   29   29   29   29   28   28   26   25   24
   23   21   19   17   16   14   12   11   10    9    9    9    9    9    9    9
    9    9    9    9   10   10   11   12   12   13   13   14   14   14   15   15
   16   16   16   17   17   17   17   17   17   17   17   16   16   16   16   16
   16   17   17   17   18   19   20   21   23
    77.5-180.0 180.0   5.0 450.0                            LAT/LON1/LON2/DLON/H
   21   23   25   26   27   29   30   30   31   31   31   31   31   30   29   27
   25   23   21   19   17   15   14   13   12   11   11   11   11   11   11   11
   11   11   12   12   13   13   14   14   15   15   15   15   16   16   16   16
   16   16   16   17   17   16   16   16   16   16   15   15   15   14   13   13
   13   13   14   15   16   17   18   20   21
    75.0-180.0 180.0   5.0 450.0                            LAT/LON1/LON2/DLON/H
   20   23   24   26   28   29   30   31   32   32   32   33   32   32   31   30
   28   25   23   21   19   18   16   15   14   13   12   12   12   13   13   13
   14   14   14   15   15   16   16   16   16   17   17   16   16   16   16   16
   16   15   15   15   15   15   14   14   14   13   13   12   12   11   11   10
   10   11   11   11   13   14   16   18   20
    72.5-180.0 180.0   5.0 450.0                            LAT/LON1/LON2/DLON/H
   19   22   25   27   29   30   30   31   32   33   33   34   34   34   33   31
   30   28   25   23   21   20   18   17   16   16   16   15   15   15   15   15
   16   16   16   16   17   17   18   17   18   17   17   17   16   16   16   15
   15   14   13   13   13   13   12   12   12   11   11   11   10   10    9    9
    8    8    8    9   10   11   14   17   19
    70.0-180.0 180.0   5.0 450.0                            LAT/LON1/LON2/DLON/H
   21   25   28   30   31   32   32   33   33   34   35   36   36   35   34   33
   31   29   27   25   23   22   20   19   18   18   18   18   17   17   17   16
   16   16   16   17   17   17   17   17   17   17   17   16   16   15   15   14
   14   13   12   11   11   10   10   10   10   10    9    9   10    9    9    9
    8    8    8    8    9   10   13   17   21
    67.5-180.0 180.0   5.0 450.0                            LAT/LON1/LON2/DLON/H
   25   29   33   35   36   36   36   36   37   37   38   39   38   38   36   35
   33   31   29   27   25   23   21   20   19   19   19   18   18   18   17   16
   16   15   15   15   16   15   16   16   16   16   16   16   16   15   15   14
   13   12   12   11   10   10    9   10   10    9   10   10   11   11   11   10
   10    9    8    9   10   12   16   20   25
    65.0-180.0 180.0   5.0 450.0                            LAT/LON1/LON2/DLON/H
   32   36   40   43   43   43   42   41   42   42   42   42   42   41   39   37
   35   33   30   28   25   23   21   20   19   19   18   18   18   17   17   15
   15   14   13   14   14   14   14   15   15   15   16   16   17   16   16   16
   15   14   13   12   11   11   11   11   11   12   13   14   14   15   15   15
   15   14   13   13   14   16   21   26   32
    62.5-180.0 180.0   5.0 450.0                            LAT/LON1/LON2/DLON/H
   40   45   50   52   52   51   49   48   47   48   48   47   47   45   43   41
   38   35   32   29   26   23   20   19   18   17   17   17   17   17   16   15
   13   13   13   12   13   13   13   14   15   16   17   18   19   19   20   19
   18   17   15   15   14   14   14   14   15   15   16   18   19   20   21   21
   21   20   19   19   20   23   28   34   40
    60.0-180.0 180.0   5.0 450.0                            LAT/LON1/LON2/DLON/H
   50   56   60   62   62   60   58   56   55   54   54   53   52   51   48   46
   43   39   35   30   27   22   19   17   15   16   16   17   17   17   17   16
   14   13   13   13   14   14   14   15   16   18   19   22   23   24   25   24
   23   21   20   19   19   19   18   18   19   20   21   23   25   26   27   28
   27   27   26   26   27   30   36   43   50
    57.5-180.0 180.0   5.0 450.0                            LAT/LON1/LON2/DLON/H
   59   65   70   73   72   70   67   64   62   61   60   59   58   56   54   51
   48   43   38   33   28   23   18   16   15   15   16   18   19   19   19   19
   18   17   17   17   18   19   19   20   20   22   24   27   29   31   31   30
   28   27   26   25   24   24   24   23   23   24   25   27   29   31   32   33
   32   32   32   33   35   38   44   51   59
    55.0-180.0 180.0   5.0 450.0                            LAT/LON1/LON2/DLON/H
   68   74   79   82   82   79   76   73   70   67   66   64   63   62   60   57
   53   49   43   36   30   23   18   16   16   17   19   22   23   24   24   23
   23   23   23   24   25   26   26   26   27   28   31   34   37   38   38   36
   34   33   31   30   29   29   28   27   27   27   29   31   33   35   36   36
   35   35   36   38   40   46   52   59   68
    52.5-180.0 180.0   5.0 450.0                            LAT/LON1/LON2/DLON/H
   74   82   87   91   91   89   85   81   77   74   71   70   69   67   65   63
   59   55   48   41   34   27   22   20   20   22   26   29   31   31   31   30
   29   30   32   33   35   36   35   35   36   37   39   42   45   46   45   43
   41   39   37   36   35   33   32   30   29   30   31   33   36   38   39   38
   37   37   38   40   45   50   58   66   74
    50.0-180.0 180.0   5.0 450.0                            LAT/LON1/LON2/DLON/H
   80   88   95   98   99   97   94   89   85   81   77   75   73   72   71   69
   65   60   54   48   40   33   28   26   28   31   34   38   40   39   38   37
   36   38   41   44   47   47   46   46   45   46   48   51   53   53   52   50
   47   44   42   40   39   37   35   33   32   31   33   36   38   40   40   39
   37   36   37   41   47   54   62   71   80
    47.5-180.0 180.0   5.0 450.0                            LAT/LON1/LON2/DLON/H
   84   92  100  104  107  106  103   98   92   87   83   79   78   77   76   75
   71   67   62   55   48   42   38   37   39   42   46   48   49   47   45   42
   43   46   50   54   57   58   58   56   56   56   57   60   61   61   59   56
   53   50   47   45   43   40   38   35   33   33   35   38   41   43   42   40
   37   36   37   42   48   57   65   75   84
    45.0-180.0 180.0   5.0 450.0                            LAT/LON1/LON2/DLON/H
   86   95  103  109  112  113  111  107  100   94   89   85   83   83   82   80
   77   74   69   65   59   55   52   52   53   56   58   59   57   54   50   48
   48   52   57   63   67   69   68   67   66   66   67   69   69   69   66   62
   59   55   52   49   47   43   40   36   34   34   37   41   45   48   47   43
   39   36   38   42   50   59   68   78   86
    42.5-180.0 180.0   5.0 450.0                            LAT/LON1/LON2/DLON/H
   88   96  104  111  117  119  119  115  109  102   95   91   89   89   89   87
   84   81   78   76   72   70   68   68   68   69   69   68   64   59   55   52
   52   57   64   70   74   76   76   75   75   75   76   77   77   75   72   69
   64   60   56   52   49   46   41   38   36   36   40   45   51   54   53   48
   43   39   39   45   53   62   70   79   88
    40.0-180.0 180.0   5.0 450.0                            LAT/LON1/LON2/DLON/H
   88   96  104  112  119  123  124  122  116  109  102   98   96   96   96   94
   92   90   88   88   87   85   84   84   82   81   79   75   70   64   59   56
   57   62   68   74   79   81   82   82   82   83   84   85   84   82   78   73
   69   64   60   56   52   48   43   39   37   38   43   50   57   62   61   56
   50   45   44   49   56   65   73   81   88
    37.5-180.0 180.0   5.0 450.0                            LAT/LON1/LON2/DLON/H
   90   96  103  111  119  124  127  126  122  115  108  104  103  103  104  102
  101   99   99  100  100  100   99   97   94   90   86   80   74   68   64   61
   63   67   72   77   81   83   85   86   88   89   91   91   90   86   82   77
   72   68   62   58   54   49   45   41   39   40   46   54   64   70   70   66
   58   53   52   55   62   69   76   83   90
    35.0-180.0 180.0   5.0 450.0                            LAT/LON1/LON2/DLON/H
   90   96  101  109  116  122  127  127  124  119  113  109  109  110  111  111
  109  109  109  110  111  111  110  106  101   95   89   83   78   73   70   70
   71   74   78   80   83   84   87   89   92   94   96   95   93   89   84   80
   75   70   64   59   54   50   46   42   40   41   47   57   68   76   78   74
   68   62   60   62   67   73   79   85   90
    32.5-180.0 180.0   5.0 450.0                            LAT/LON1/LON2/DLON/H
   93   96  101  106  112  118  124  125  124  120  116  113  114  116  118  118
  117  118  118  118  118  118  115  110  103   95   89   84   81   80   80   81
   82   83   84   85   85   86   88   91   94   97   98   97   94   90   84   80
   75   70   64   59   54   50   46   43   40   42   47   58   70   80   84   82
   76   70   69   70   73   78   84   89   93
    30.0-180.0 180.0   5.0 450.0                            LAT/LON1/LON2/DLON/H
   97  100  102  105  108  113  118  122  123  120  118  116  117  121  124  125
  125  125  124  123  121  120  115  108   99   92   86   85   85   88   91   93
   94   94   93   91   89   88   88   91   95   97   98   98   94   89   83   78
   74   69   62   57   53   50   47   43   40   41   46   56   69   80   86   86
   82   78   76   77   80   84   89   93   97
    27.5-180.0 180.0   5.0 450.0                            LAT/LON1/LON2/DLON/H
  104  106  107  107  108  110  114  118  121  120  119  118  120  125  129  130
  130  130  128  124  121  117  111  103   94   88   85   86   92   98  104  108
  109  106  102   97   94   91   90   91   94   96   98   96   92   85   79   75
   70   66   60   55   52   49   46   43   40   40   43   52   65   78   86   89
   86   83   82   83   86   89   95   99  104
    25.0-180.0 180.0   5.0 450.0                            LAT/LON1/LON2/DLON/H
  114  116  116  114  111  112  115  119  123  123  122  122  125  130  134  134
  134  132  128  123  118  113  106   97   90   85   86   92  101  111  118  122
  122  118  112  105   99   94   90   90   91   94   94   92   88   81   75   70
   67   62   57   53   50   47   45   43   40   37   39   47   60   74   84   89
   88   87   87   89   92   97  102  108  114
    22.5-180.0 180.0   5.0 450.0                            LAT/LON1/LON2/DLON/H
  127  131  131  126  121  119  122  127  131  132  131  130  132  137  139  139
  135  132  126  120  114  109  102   94   89   88   93  102  113  123  131  134
  133  127  119  111  103   95   90   88   88   90   91   88   84   78   72   67
   63   60   55   51   48   46   45   42   39   36   36   43   56   70   81   88
   90   90   92   94   98  104  111  120  127
    20.0-180.0 180.0   5.0 450.0                            LAT/LON1/LON2/DLON/H
  142  148  149  144  137  135  139  144  149  150  147  144  145  148  148  144
  137  130  122  117  112  108  102   96   94   97  105  117  128  137  142  143
  139  132  123  115  106   97   90   85   85   87   87   85   80   74   68   64
   61   57   54   51   48   45   44   41   37   33   34   41   53   68   80   87
   90   92   96  100  106  113  123  133  142
    17.5-180.0 180.0   5.0 450.0                            LAT/LON1/LON2/DLON/H
  158  166  168  163  158  157  163  171  177  176  170  165  163  164  161  152
  141  130  122  117  114  111  106  103  105  112  122  133  142  148  149  147
  142  134  125  116  106   97   88   82   82   84   84   81   77   72   67   64
   60   57   54   51   48   44   42   40   36   32   33   40   53   68   80   88
   92   96   99  105  113  123  135  147  158
    15.0-180.0 180.0   5.0 450.0                            LAT/LON1/LON2/DLON/H
  174  183  186  183  179  182  192  203  210  209  200  192  187  185  177  164
  148  133  123  120  120  119  116  115  120  129  140  149  154  154  152  148
  142  134  124  116  106   96   87   81   80   82   82   80   75   71   67   64
   62   59   56   52   48   44   41   38   35   32   33   41   55   71   83   91
   95   99  104  111  121  133  147  162  174
    12.5-180.0 180.0   5.0 450.0                            LAT/LON1/LON2/DLON/H
  188  197  201  199  198  205  220  235  245  243  233  221  214  209  197  179
  159  142  131  129  130  131  130  132  138  147  156  161  159  155  150  145
  139  131  124  117  108   98   88   81   79   81   82   79   75   71   69   67
   64   62   59   54   48   43   40   38   35   32   35   44   58   74   87   94
   98  103  108  116  128  142  158  175  188
    10.0-180.0 180.0   5.0 450.0                            LAT/LON1/LON2/DLON/H
  199  208  211  211  212  224  242  262  273  273  262  249  241  233  219  197
  174  156  145  143  146  148  147  150  156  163  169  167  159  152  146  142
  137  132  126  120  113  103   93   85   82   82   82   79   76   73   71   70
   68   65   62   56   49   42   39   37   35   34   37   48   63   79   91   98
  102  106  111  120  132  149  168  186  199
     7.5-180.0 180.0   5.0 450.0                            LAT/LON1/LON2/DLON/H
  208  215  218  218  221  234  256  277  292  292  283  271  263  254  238  215
  192  173  163  161  164  166  165  166  170  174  175  168  156  146  142  140
  138  136  132  129  122  113  102   92   88   86   85   82   78   76   75   73
   71   68   64   58   50   43   39   37   36   35   40   51   68   83   95  102
  105  108  114  122  135  153  175  194  208
     5.0-180.0 180.0   5.0 450.0                            LAT/LON1/LON2/DLON/H
  213  220  223  223  227  240  261  282  296  299  292  283  277  269  253  230
  208  192  182  181  183  183  182  181  182  182  178  166  152  143  142  144
  145  145  144  142  136  127  115  103   95   91   88   84   80   79   78   77
   75   71   67   61   52   44   39   38   37   37   42   54   71   87   99  105
  108  110  115  123  136  154  178  200  213
     2.5-180.0 180.0   5.0 450.0                            LAT/LON1/LON2/DLON/H
  217  225  227  228  230  243  260  279  292  295  291  285  282  275  261  241
  222  208  201  199  199  199  196  193  190  187  179  166  152  146  148  153
  157  159  159  156  152  143  129  114  104   97   92   87   83   82   82   81
   78   73   69   62   53   44   39   38   37   38   44   57   74   90  101  107
  109  112  115  121  133  153  178  201  217
