workspace/GNSS/igsg1870.18i
     1.0            IONOSPHERE MAPS     MIX                 IONEX VERSION / TYPE
cmpcmb v1.2          GRL/UWM            25-jul-18 06:46     PGM / RUN BY / DATE 
ionex file containing IGS COMBINED Ionosphere maps          COMMENT             
global ionosphere maps for day 187, 2018                    DESCRIPTION         
IONEX file containing the COMBINED IGS TEC MAPS and DCBs    DESCRIPTION         
      IONEX files of the following IAACs were combined: cod DESCRIPTION         
                                                        jpl DESCRIPTION         
Contact address: Andrzej Krankowski                         DESCRIPTION
                 Geodynamics Research Laboratory            DESCRIPTION
                 University of Warmia and Mazury (GRL/UWM)  DESCRIPTION
                 Oczapowski St. 1                           DESCRIPTION
                 10-957-Olsztyn, POLAND                     DESCRIPTION
                 e-mail:  kand@uwm.edu.pl                   DESCRIPTION
                                                            DESCRIPTION         
  2018     7     6     0     0     0                        EPOCH OF FIRST MAP  
  2018     7     7     0     0     0                        EPOCH OF LAST MAP   
  7200                                                      INTERVAL            
    13                                                      # OF MAPS IN FILE   
  COSZ                                                      MAPPING FUNCTION    
     0.0                                                    ELEVATION CUTOFF    
combined TEC calculated as weighted mean of input TEC valuesOBSERVABLES USED    
   338                                                      # OF STATIONS       
    32                                                      # OF SATELLITES     
  6371.0                                                    BASE RADIUS         
     2                                                      MAP DIMENSION       
   450.0 450.0   0.0                                        HGT1 / HGT2 / DHGT  
    87.5 -87.5  -2.5                                        LAT1 / LAT2 / DLAT  
  -180.0 180.0   5.0                                        LON1 / LON2 / DLON  
    -1                                                      EXPONENT            
TEC values in 0.1 tec units;  9999, if no value available   COMMENT             
DCB values in nanoseconds, reference is Sum_of_SatDCBs = 0  COMMENT             
                                                            END OF HEADER       
[from data line 1716]
     5                                                      START OF TEC MAP    
  2018     7     6     8     0     0                        EPOCH OF CURRENT MAP
    87.5-180.0 180.0   5.0 450.0                            LAT/LON1/LON2/DLON/H
   89   89   89   89   89   89   89   89   89   89   89   89   89   89   89   89
   89   88   88   88   88   88   88   88   87   87   87   87   88   88   87   87
   87   87   87   88   88   87   87   87   87   87   87   87   87   87   87   87
   87   87   87   88   88   88   88   88   88   88   88   88   89   89   89   89
   89   88   88   89   89   89   89   89   89
    85.0-180.0 180.0   5.0 450.0                            LAT/LON1/LON2/DLON/H
   87   87   87   88   88   88   88   88   88   88   88   87   87   87   87   86
   86   86   85   85   85   85   85   85   84   84   84   84   84   84   85   85
   85   85   85   85   85   85   85   85   85   85   85   85   85   85   85   86
   86   86   86   86   86   86   86   86   86   86   86   86   86   86   86   86
   86   86   86   86   86   87   87   87   87
    82.5-180.0 180.0   5.0 450.0                            LAT/LON1/LON2/DLON/H
   83   84   84   85   85   85   85   85   85   85   85   84   84   83   83   82
   81   81   80   80   80   80   79   79   79   80   80   80   80   81   81   82
   82   82   82   82   83   82   83   83   83   83   83   83   84   84   84   84
   84   84   85   85   85   85   85   85   84   84   84   83   83   83   83   83
   83   83   83   83   83   83   83   84   83
    80.0-180.0 180.0   5.0 450.0                            LAT/LON1/LON2/DLON/H
   79   79   80   80   80   81   81   81   81   80   80   79   78   78   77   76
   75   75   74   74   74   74   74   74   74   75   75   76   77   77   78   79
   79   80   80   80   81   81   81   82   82   82   82   82   82   83   83   83
   84   84   84   84   84   84   83   83   83   82   81   81   80   80   79   79
   78   78   78   78   78   78   78   78   79
    77.5-180.0 180.0   5.0 450.0                            LAT/LON1/LON2/DLON/H
   74   74   75   74   75   75   75   75   75   74   74   73   72   72   70   69
   69   68   68   67   68   67   68   69   69   70   71   72   73   74   75   76
   77   78   79   79   80   80   81   81   82   82   82   82   82   82   83   84
   84   84   84   84   84   83   83   82   81   80   79   78   77   77   76   75
   75   74   74   74   73   73   74   74   74
    75.0-180.0 180.0   5.0 450.0                            LAT/LON1/LON2/DLON/H
   70   70   70   69   70   69   69   69   68   68   67   66   66   64   63   63
   62   61   62   62   62   62   63   64   65   66   67   68   70   71   72   74
   75   76   78   79   79   80   81   82   82   82   82   83   83   84   85   85
   86   86   85   85   85   84   83   81   80   78   77   75   75   74   74   74
   73   73   72   72   72   72   71   71   70
    72.5-180.0 180.0   5.0 450.0                            LAT/LON1/LON2/DLON/H
   69   68   67   66   65   64   63   62   61   61   60   60   58   58   57   57
   56   56   56   56   58   58   59   60   61   63   64   65   66   68   69   71
   72   74   76   78   80   81   82   83   83   84   84   85   85   86   86   87
   87   87   86   86   84   83   81   80   78   76   75   74   73   73   73   73
   74   74   73   74   73   72   71   70   69
    70.0-180.0 180.0   5.0 450.0                            LAT/LON1/LON2/DLON/H
   70   69   66   65   62   60   58   57   56   55   54   53   52   52   52   52
   52   52   52   52   54   55   56   58   59   60   62   63   63   64   66   68
   70   72   74   77   80   82   83   84   85   86   87   87   88   88   89   89
   88   88   87   85   83   82   79   77   75   73   72   72   72   73   74   75
   76   77   78   78   77   75   74   72   70
    67.5-180.0 180.0   5.0 450.0                            LAT/LON1/LON2/DLON/H
   75   72   69   66   62   59   56   53   51   49   48   48   48   48   48   48
   48   48   48   50   51   52   53   55   57   58   59   60   61   62   63   64
   66   69   73   76   79   82   84   86   88   89   89   90   91   90   91   90
   90   89   87   85   83   80   77   74   72   71   71   71   72   74   76   78
   80   82   82   83   82   81   79   77   75
    65.0-180.0 180.0   5.0 450.0                            LAT/LON1/LON2/DLON/H
   80   77   73   69   64   59   55   51   47   45   44   43   43   44   44   45
   45   45   45   46   47   49   51   53   54   56   57   59   60   60   61   63
   64   67   70   75   78   82   85   88   90   91   92   93   93   93   93   92
   91   89   87   84   81   78   75   72   70   70   70   71   73   75   78   81
   84   86   88   88   88   87   85   83   80
    62.5-180.0 180.0   5.0 450.0                            LAT/LON1/LON2/DLON/H
   86   84   79   74   69   62   56   50   45   42   40   40   40   40   41   41
   41   41   42   42   44   45   47   49   51   54   56   58   59   60   61   62
   63   65   69   73   77   81   85   89   91   93   94   95   95   95   94   93
   91   89   87   84   82   78   75   72   70   70   70   73   75   78   81   84
   87   90   91   92   93   92   90   89   86
    60.0-180.0 180.0   5.0 450.0                            LAT/LON1/LON2/DLON/H
   93   90   87   81   75   68   60   52   45   41   38   37   37   37   38   38
   38   38   37   38   39   41   43   45   48   52   55   58   60   61   62   62
   63   66   68   72   77   81   85   89   92   95   96   97   98   98   97   94
   93   90   88   86   83   80   77   75   73   73   73   75   78   81   83   86
   89   91   93   94   95   96   95   94   93
    57.5-180.0 180.0   5.0 450.0                            LAT/LON1/LON2/DLON/H
   98   97   95   90   84   75   66   56   48   42   37   35   35   35   35   35
   34   34   33   33   34   35   38   41   45   50   54   59   61   63   64   64
   65   66   69   72   76   81   85   90   93   96   98  100  100  100   99   97
   95   93   91   90   88   85   83   80   78   78   78   80   82   83   85   86
   88   91   93   95   97   98   99   99   98
    55.0-180.0 180.0   5.0 450.0                            LAT/LON1/LON2/DLON/H
  103  104  103   99   94   85   76   65   54   45   39   35   34   33   33   32
   31   30   29   29   29   30   33   37   42   48   54   59   64   66   67   67
   67   68   70   74   78   82   86   90   93   97  100  102  103  104  103  101
   99   98   97   96   95   93   90   87   85   84   85   85   86   86   86   87
   88   90   93   95   98   99  101  102  103
    52.5-180.0 180.0   5.0 450.0                            LAT/LON1/LON2/DLON/H
  108  109  110  108  104   97   87   75   63   52   44   38   35   33   32   31
   29   27   26   25   25   26   29   33   39   46   54   60   66   69   70   70
   70   70   72   76   80   84   88   91   94   98  101  104  107  107  107  106
  104  103  104  104  103  101   98   95   93   92   91   91   90   89   87   87
   88   91   94   97  100  102  104  106  108
    50.0-180.0 180.0   5.0 450.0                            LAT/LON1/LON2/DLON/H
  112  115  117  117  114  108   99   87   74   62   52   44   38   35   32   30
   28   27   25   24   24   25   27   32   38   45   53   60   67   71   72   71
   71   72   74   78   82   86   90   93   96  100  104  107  110  112  112  111
  110  110  111  112  111  108  105  102   99   98   97   96   94   92   89   89
   90   93   98  103  106  107  108  110  112
    47.5-180.0 180.0   5.0 450.0                            LAT/LON1/LON2/DLON/H
  117  119  122  122  121  117  109  100   87   74   62   53   46   40   36   33
   30   28   26   25   25   26   28   32   38   44   52   60   67   71   73   72
   72   73   77   81   86   90   93   96   99  103  107  112  115  116  116  116
  116  116  118  118  117  114  110  106  103  103  102  101   98   96   94   93
   95  100  106  111  114  114  114  114  117
    45.0-180.0 180.0   5.0 450.0                            LAT/LON1/LON2/DLON/H
  119  121  124  124  124  122  118  110   99   87   75   64   56   49   43   38
   34   31   30   29   29   30   32   35   39   45   52   59   66   70   72   72
   72   74   79   85   91   95   98  101  104  108  112  117  120  121  121  121
  121  122  123  122  120  116  112  108  106  105  105  104  103  100  100  101
  105  111  118  123  125  124  120  119  119
    42.5-180.0 180.0   5.0 450.0                            LAT/LON1/LON2/DLON/H
  121  122  122  122  122  122  121  116  109  100   89   78   68   59   51   45
   40   37   35   35   35   36   37   39   42   46   52   58   64   68   70   71
   72   76   81   88   95  100  103  106  109  112  117  121  123  125  125  125
  125  126  126  123  120  115  111  107  106  106  107  108  108  108  109  112
  117  125  133  137  137  133  127  123  121
    40.0-180.0 180.0   5.0 450.0                            LAT/LON1/LON2/DLON/H
  122  120  119  117  116  117  119  119  117  111  102   91   81   70   61   54
   48   44   42   41   42   43   43   43   44   47   51   57   62   66   69   70
   73   78   84   92   99  104  108  110  113  116  121  124  127  129  129  129
  129  129  127  123  119  114  110  108  108  108  110  112  115  117  120  125
  133  141  149  152  150  142  133  126  122
    37.5-180.0 180.0   5.0 450.0                            LAT/LON1/LON2/DLON/H
  122  118  114  110  107  109  113  117  120  119  113  103   91   81   70   62
   56   51   49   48   48   49   48   47   47   48   50   56   61   65   68   72
   75   81   88   96  103  108  112  114  117  120  124  128  130  131  132  132
  133  131  129  125  121  118  115  114  113  113  116  119  123  127  132  139
  148  156  163  164  158  148  137  128  122
    35.0-180.0 180.0   5.0 450.0                            LAT/LON1/LON2/DLON/H
  121  115  109  102   98   99  104  112  119  123  119  111  101   89   78   71
   64   59   55   54   54   53   52   50   49   48   50   54   59   65   69   74
   79   85   92   99  106  112  114  117  120  123  127  131  134  135  136  137
  137  137  135  132  130  128  129  127  127  126  127  130  134  138  144  152
  160  169  173  172  164  152  139  128  121
    32.5-180.0 180.0   5.0 450.0                            LAT/LON1/LON2/DLON/H
  119  113  105   97   90   89   94  104  115  122  123  116  106   95   85   77
   70   65   61   58   57   55   53   51   48   48   49   53   59   65   72   78
   83   90   97  103  109  114  116  119  122  125  129  133  136  139  141  143
  145  146  146  146  146  149  152  151  148  144  143  144  147  149  154  160
  168  174  178  175  165  152  138  127  119
    30.0-180.0 180.0   5.0 450.0                            LAT/LON1/LON2/DLON/H
  118  111  103   94   86   82   85   95  108  118  121  117  108   99   90   82
   76   70   65   61   58   55   52   49   47   46   47   51   58   66   74   82
   88   95  101  107  111  115  118  120  123  127  131  136  141  145  148  152
  155  159  162  167  172  179  184  183  176  168  163  161  161  160  162  165
  170  175  176  173  164  150  136  126  118
    27.5-180.0 180.0   5.0 450.0                            LAT/LON1/LON2/DLON/H
  118  111  104   95   84   78   78   86   99  110  115  113  107  100   92   86
   80   74   69   63   58   54   50   47   44   43   45   49   56   66   77   86
   93  100  105  110  114  116  118  122  125  130  135  140  146  151  156  162
  168  175  183  192  202  212  219  217  206  193  184  178  174  170  166  166
  167  169  170  166  158  146  135  125  118
    25.0-180.0 180.0   5.0 450.0                            LAT/LON1/LON2/DLON/H
  118  113  107   97   86   77   74   79   90  101  106  107  103   98   93   88
   84   78   71   64   58   52   48   45   42   40   42   46   54   65   78   89
   97  104  109  112  115  118  120  124  128  134  140  147  153  159  166  173
  182  191  203  215  229  242  249  246  232  215  202  193  186  177  170  164
  162  162  162  159  152  143  133  125  118
    22.5-180.0 180.0   5.0 450.0                            LAT/LON1/LON2/DLON/H
  120  116  110  102   90   78   73   74   82   91   96   99   98   96   93   90
   86   80   74   65   58   52   47   43   41   38   38   42   50   63   77   90
   99  106  111  114  117  119  123  127  133  139  146  154  161  168  175  184
  194  206  219  234  249  263  269  265  249  230  215  205  195  183  172  162
  156  155  155  153  148  141  133  126  120
    20.0-180.0 180.0   5.0 450.0                            LAT/LON1/LON2/DLON/H
  123  119  113  106   95   82   74   73   77   84   89   92   93   92   92   90
   87   82   75   67   59   53   48   44   41   37   35   38   46   59   75   90
  100  107  111  115  118  121  126  132  138  145  154  162  169  176  184  193
  204  216  228  242  255  268  274  270  255  237  222  211  200  188  175  162
  154  151  151  150  146  141  135  128  123
    17.5-180.0 180.0   5.0 450.0                            LAT/LON1/LON2/DLON/H
  126  120  115  108   98   86   77   74   75   79   83   86   89   90   90   90
   87   82   76   68   61   55   51   46   42   36   33   34   41   55   72   88
   99  106  112  115  120  125  130  137  144  151  160  168  176  183  191  200
  210  220  230  241  250  261  267  264  253  238  225  214  204  193  178  165
  156  152  151  150  148  143  138  132  126
    15.0-180.0 180.0   5.0 450.0                            LAT/LON1/LON2/DLON/H
  128  121  115  108   99   88   80   76   76   78   81   83   86   88   88   88
   86   82   76   68   62   57   52   48   43   37   33   32   38   51   68   85
   96  104  110  116  121  127  134  142  149  156  165  173  181  188  196  205
  213  221  228  233  239  247  254  255  248  237  226  216  208  197  183  170
  161  157  155  154  151  147  142  135  128
    12.5-180.0 180.0   5.0 450.0                            LAT/LON1/LON2/DLON/H
  129  120  112  104   96   88   81   78   77   78   79   82   84   86   87   87
   84   80   75   68   63   58   54   50   45   39   34   32   36   48   65   81
   93  102  109  115  121  129  137  145  151  158  167  175  183  192  200  207
  214  220  223  225  228  235  242  246  244  237  228  220  212  202  189  176
  167  163  161  158  155  151  146  138  129
    10.0-180.0 180.0   5.0 450.0                            LAT/LON1/LON2/DLON/H
  130  118  107   97   90   84   79   78   78   79   79   81   83   84   85   84
   82   78   73   68   62   58   54   51   46   41   36   33   37   47   63   79
   91  100  107  114  122  130  138  145  151  157  164  173  183  192  200  207
  214  219  221  221  223  230  240  246  248  243  234  225  217  207  194  182
  174  170  166  161  157  153  148  141  130
     7.5-180.0 180.0   5.0 450.0                            LAT/LON1/LON2/DLON/H
  130  116  101   90   82   77   75   75   76   77   78   80   82   83   83   82
   79   75   71   67   61   57   52   49   47   43   39   37   39   47   61   75
   88   97  106  113  121  130  137  143  147  152  159  168  178  189  199  207
  214  220  224  225  228  237  248  256  258  253  243  232  221  211  198  186
  179  174  169  162  156  152  148  141  130
     5.0-180.0 180.0   5.0 450.0                            LAT/LON1/LON2/DLON/H
  129  113   96   83   74   70   69   70   73   75   76   78   79   80   80   78
   75   72   69   65   60   55   50   46   46   44   42   40   42   48   59   72
   85   95  105  112  120  127  133  138  141  144  151  160  172  183  194  204
  214  224  230  235  242  252  263  271  272  265  251  237  226  214  201  189
  181  176  169  159  152  148  146  140  129
     2.5-180.0 180.0   5.0 450.0                            LAT/LON1/LON2/DLON/H
  128  111   94   79   69   65   63   65   68   70   72   74   76   77   76   74
   71   69   66   63   58   53   47   44   43   45   45   44   44   49   58   70
   83   95  103  111  117  123  128  132  133  136  141  151  163  175  188  201
  214  227  239  247  257  268  280  285  282  272  255  239  225  213  200  188
  180  174  165  154  146  142  141  137  128
