workspace/GNSS/igsg3420.18i
     1.0            IONOSPHERE MAPS     MIX                 IONEX VERSION / TYPE
cmpcmb v1.2          GRL/UWM            20-dec-18 04:45     PGM / RUN BY / DATE 
ionex file containing IGS COMBINED Ionosphere maps          COMMENT             
global ionosphere maps for day 342, 2018                    DESCRIPTION         
IONEX file containing the COMBINED IGS TEC MAPS and DCBs    DESCRIPTION         
      IONEX files of the following IAACs were combined: cod DESCRIPTION         
                                                        jpl DESCRIPTION         
Contact address: Andrzej Krankowski                         DESCRIPTION
                 Geodynamics Research Laboratory            DESCRIPTION
                 University of Warmia and Mazury (GRL/UWM)  DESCRIPTION
                 Oczapowski St. 1                           DESCRIPTION
                 10-957-Olsztyn, POLAND                     DESCRIPTION
                 e-mail:  kand@uwm.edu.pl                   DESCRIPTION
                                                            DESCRIPTION         
  2018    12     8     0     0     0                        EPOCH OF FIRST MAP  
  2018    12     9     0     0     0                        EPOCH OF LAST MAP   
  7200                                                      INTERVAL            
    13                                                      # OF MAPS IN FILE   
  COSZ                                                      MAPPING FUNCTION    
     0.0                                                    ELEVATION CUTOFF    
combined TEC calculated as weighted mean of input TEC valuesOBSERVABLES USED    
   328                                                      # OF STATIONS       
    32                                                      # OF SATELLITES     
  6371.0                                                    BASE RADIUS         
     2                                                      MAP DIMENSION       
   450.0 450.0   0.0                                        HGT1 / HGT2 / DHGT  
    87.5 -87.5  -2.5                                        LAT1 / LAT2 / DLAT  
  -180.0 180.0   5.0                                        LON1 / LON2 / DLON  
    -1                                                      EXPONENT            
TEC values in 0.1 tec units;  9999, if no value available   COMMENT             
DCB values in nanoseconds, reference is Sum_of_SatDCBs = 0  COMMENT             
                                                            END OF HEADER       
[from data line 3861]
    10                                                      START OF TEC MAP    
  2018    12     8    18     0     0                        EPOCH OF CURRENT MAP
    87.5-180.0 180.0   5.0 450.0                            LAT/LON1/LON2/DLON/H
   14   14   14   14   14   14   14   14   14   14   14   14   14   14   14   14
   14   14   15   15   15   15   15   15   15   15   15   15   15   15   15   15
   16   16   16   16   16   17   17   17   17   17   17   17   17   17   16   16
   16   16   16   16   16   15   15   15   15   14   14   14   14   13   13   13
   13   13   13   13   13   14   14   14   14
    85.0-180.0 180.0   5.0 450.0                            LAT/LON1/LON2/DLON/H
   15   15   16   16   16   16   17   17   17   18   18   18   18   18   18   17
   17   17   16   16   16   16   16   16   16   16   17   17   17   17   18   18
   19   19   20   20   20   21   21   21   21   21   21   21   21   21   21   21
   20   20   19   19   18   18   17   17   16   16   15   15   15   14   14   14
   14   13   13   13   14   14   14   15   15
    82.5-180.0 180.0   5.0 450.0                            LAT/LON1/LON2/DLON/H
   17   18   19   19   20   20   21   22   22   22   23   22   23   22   22   21
   21   21   19   19   18   17   17   17   17   18   18   18   19   20   21   21
   22   23   24   25   26   27   27   27   27   27   27   27   27   26   26   26
   25   25   25   24   23   22   22   21   20   19   18   18   17   16   15   15
   15   15   15   15   15   16   16   17   17
    80.0-180.0 180.0   5.0 450.0                            LAT/LON1/LON2/DLON/H
   21   21   22   23   24   25   25   26   27   28   28   28   28   28   27   27
   26   25   24   23   21   20   20   19   19   19   20   20   21   22   24   25
   27   28   29   30   32   33   33   33   33   33   33   33   32   32   32   31
   31   30   29   29   28   27   26   25   24   22   21   21   19   19   18   18
   17   17   17   17   18   18   19   20   21
    77.5-180.0 180.0   5.0 450.0                            LAT/LON1/LON2/DLON/H
   23   24   25   26   26   27   28   29   30   31   32   33   33   33   33   33
   31   30   28   27   26   24   23   22   22   21   22   22   24   25   27   28
   30   32   34   35   36   36   37   37   37   37   36   36   35   35   35   35
   34   34   35   34   33   33   31   30   29   27   25   24   22   22   20   20
   20   20   20   20   21   22   22   23   23
    75.0-180.0 180.0   5.0 450.0                            LAT/LON1/LON2/DLON/H
   26   26   26   26   27   27   28   30   31   33   34   36   37   38   38   38
   37   36   35   33   31   30   28   27   26   26   26   26   27   28   29   31
   32   34   35   37   38   38   39   39   39   38   38   37   36   36   36   36
   37   37   38   38   38   37   35   34   33   31   28   26   25   24   23   22
   23   22   23   24   25   25   26   26   26
    72.5-180.0 180.0   5.0 450.0                            LAT/LON1/LON2/DLON/H
   27   27   25   25   25   25   26   28   30   32   35   37   39   41   42   42
   42   42   41   40   38   37   35   34   33   31   30   30   30   30   31   31
   32   33   35   36   37   37   37   37   37   36   36   35   34   34   34   35
   36   38   39   40   40   40   39   37   35   33   31   28   27   25   24   24
   24   25   26   27   28   28   28   28   27
    70.0-180.0 180.0   5.0 450.0                            LAT/LON1/LON2/DLON/H
   28   26   24   23   22   23   23   25   28   31   34   37   40   42   44   46
   47   47   48   48   47   46   44   42   40   38   36   34   33   31   31   31
   31   31   32   32   33   34   34   34   33   33   32   31   31   30   31   32
   34   36   38   40   41   41   40   39   37   35   32   30   27   25   25   25
   25   27   28   30   30   31   31   29   28
    67.5-180.0 180.0   5.0 450.0                            LAT/LON1/LON2/DLON/H
   28   25   22   21   20   20   21   24   27   30   34   37   40   43   46   48
   50   53   55   55   56   55   53   51   49   46   42   39   36   33   31   29
   27   27   27   27   27   28   28   28   28   28   27   26   26   26   26   27
   30   32   35   38   39   40   40   39   36   34   32   30   28   26   26   25
   26   28   30   32   33   33   33   31   28
    65.0-180.0 180.0   5.0 450.0                            LAT/LON1/LON2/DLON/H
   29   25   22   20   19   19   21   24   27   31   34   38   42   45   48   51
   55   58   61   64   64   64   62   59   56   53   49   45   40   36   31   28
   25   23   22   22   22   22   23   23   23   23   23   22   22   22   23   24
   26   28   31   33   35   37   38   37   36   35   33   31   29   28   26   27
   27   28   31   32   34   34   34   31   29
    62.5-180.0 180.0   5.0 450.0                            LAT/LON1/LON2/DLON/H
   29   26   23   21   20   22   24   27   30   34   38   41   44   48   52   56
   60   64   69   71   71   71   69   67   64   60   56   52   46   40   34   29
   25   22   19   18   17   17   18   19   19   19   20   20   21   21   21   22
   23   25   27   29   32   34   35   35   35   35   34   33   31   30   28   28
   28   29   30   32   33   34   34   32   29
    60.0-180.0 180.0   5.0 450.0                            LAT/LON1/LON2/DLON/H
   30   27   25   24   24   26   29   33   37   40   44   47   51   54   58   62
   67   72   75   77   78   77   75   73   70   67   64   59   54   47   40   33
   28   23   19   17   16   15   16   17   17   19   20   22   22   23   23   22
   23   23   24   26   28   30   32   34   35   36   36   36   35   34   32   30
   29   29   29   31   32   33   33   32   30
    57.5-180.0 180.0   5.0 450.0                            LAT/LON1/LON2/DLON/H
   31   30   29   29   30   34   37   42   46   49   53   56   60   63   67   72
   76   80   82   83   82   81   79   77   76   75   72   69   64   58   51   43
   36   29   24   20   18   17   18   18   19   21   23   25   27   27   27   26
   25   24   24   25   27   29   32   34   36   38   40   41   40   39   37   34
   32   30   28   28   29   31   32   32   31
    55.0-180.0 180.0   5.0 450.0                            LAT/LON1/LON2/DLON/H
   32   33   33   35   38   42   47   52   56   60   64   67   71   74   79   83
   87   89   89   89   86   83   81   81   82   82   82   81   77   71   64   56
   47   39   32   27   25   24   23   24   24   26   29   31   33   34   33   31
   29   27   26   26   28   30   33   36   39   41   44   46   46   45   43   40
   36   31   28   26   26   28   29   31   32
    52.5-180.0 180.0   5.0 450.0                            LAT/LON1/LON2/DLON/H
   32   34   37   41   45   51   57   63   69   72   75   79   83   86   91   95
   98   98   97   94   90   87   85   86   88   91   93   93   90   85   78   69
   59   50   43   38   35   33   32   32   32   34   37   39   41   42   41   38
   35   32   30   30   31   34   36   39   42   45   47   50   52   52   50   46
   40   34   28   24   23   24   27   29   32
    50.0-180.0 180.0   5.0 450.0                            LAT/LON1/LON2/DLON/H
   31   35   39   45   51   59   66   73   80   84   86   89   94   98  103  107
  109  108  105  101   96   92   90   92   97  101  105  106  103   97   90   81
   71   62   55   50   46   45   44   43   43   43   45   48   50   50   49   46
   43   39   37   36   37   39   41   44   46   48   51   55   58   59   58   54
   47   39   30   25   22   22   24   27   31
    47.5-180.0 180.0   5.0 450.0                            LAT/LON1/LON2/DLON/H
   29   34   40   47   55   65   74   83   89   94   97   99  103  108  113  117
  119  118  114  110  105  101  100  102  107  112  115  115  112  106   98   89
   80   72   66   62   59   58   57   55   54   54   55   57   59   59   57   54
   50   47   45   44   44   46   47   48   50   51   54   57   62   64   65   61
   54   44   34   26   22   21   22   25   29
    45.0-180.0 180.0   5.0 450.0                            LAT/LON1/LON2/DLON/H
   28   32   39   47   57   68   79   89   97  101  105  108  111  115  120  125
  127  128  126  123  119  116  114  115  119  122  123  121  116  109  101   93
   85   79   75   73   72   71   71   69   66   65   65   66   67   66   65   62
   58   54   51   50   50   50   51   52   52   52   54   59   64   68   70   68
   61   51   40   30   24   23   22   25   28
    42.5-180.0 180.0   5.0 450.0                            LAT/LON1/LON2/DLON/H
   27   30   38   47   57   69   82   93  102  107  111  114  118  121  126  131
  135  138  140  139  137  134  132  130  130  130  128  124  116  108  100   93
   87   84   81   81   82   82   82   81   79   76   75   74   75   75   73   70
   65   61   58   56   55   55   54   54   54   53   54   58   64   70   74   73
   67   57   46   37   30   26   25   25   27
    40.0-180.0 180.0   5.0 450.0                            LAT/LON1/LON2/DLON/H
   28   31   37   46   57   69   81   94  104  111  116  120  123  127  132  138
  144  150  155  157  158  155  150  144  140  136  131  123  114  105   98   92
   89   87   86   87   89   91   92   92   90   86   84   83   82   81   79   76
   72   67   63   60   57   56   55   54   54   53   54   57   63   70   75   77
   73   65   54   44   37   32   29   28   28
    37.5-180.0 180.0   5.0 450.0                            LAT/LON1/LON2/DLON/H
   30   32   38   46   56   69   81   94  105  114  120  125  130  133  138  145
  153  162  171  177  177  172  164  155  147  139  131  123  113  104   97   94
   92   91   91   92   94   98  101  101   99   95   92   89   88   86   84   81
   77   72   67   62   59   56   54   54   54   53   53   55   61   69   76   79
   77   70   60   51   43   39   35   32   30
    35.0-180.0 180.0   5.0 450.0                            LAT/LON1/LON2/DLON/H
   34   35   40   48   58   69   81   94  105  116  125  132  137  141  146  153
  163  175  186  192  192  185  173  160  149  140  132  124  116  109  105  102
  100   98   97   97   99  103  107  108  106  102   97   94   92   91   89   85
   81   75   69   63   59   55   54   54   54   53   53   55   60   67   76   81
   81   74   66   57   50   45   41   36   34
    32.5-180.0 180.0   5.0 450.0                            LAT/LON1/LON2/DLON/H
   39   40   45   52   62   72   83   94  106  119  130  139  145  149  156  164
  175  187  198  203  199  188  174  159  147  140  136  132  127  123  120  118
  115  111  106  104  105  108  111  113  111  106  101   97   95   94   92   88
   83   77   71   64   59   56   55   56   56   55   55   56   60   67   75   81
   82   77   69   61   54   49   45   41   39
    30.0-180.0 180.0   5.0 450.0                            LAT/LON1/LON2/DLON/H
   43   45   51   59   68   77   87   97  109  122  135  146  154  160  167  175
  186  197  206  207  198  183  167  153  145  143  144  147  147  146  144  141
  136  128  120  113  111  113  115  116  113  109  103   99   97   95   93   89
   84   78   72   65   60   58   57   59   60   59   58   57   60   66   74   80
   81   77   69   63   56   51   48   45   43
    27.5-180.0 180.0   5.0 450.0                            LAT/LON1/LON2/DLON/H
   46   51   58   67   76   84   93  102  113  125  140  154  164  172  179  187
  197  205  209  204  191  174  158  150  148  153  162  171  176  177  175  171
  162  150  136  125  119  118  119  118  114  110  104  101   99   96   93   90
   85   78   72   66   63   61   61   63   63   63   61   60   61   66   72   78
   79   75   68   61   56   52   49   47   46
    25.0-180.0 180.0   5.0 450.0                            LAT/LON1/LON2/DLON/H
   49   54   64   75   85   94  101  109  118  130  146  162  174  184  191  199
  206  210  208  197  181  165  154  153  160  173  188  202  211  213  211  204
  192  175  156  139  128  123  121  117  114  109  105  102  100   97   94   89
   83   78   72   68   65   65   66   68   68   67   64   62   62   65   70   75
   76   73   66   59   54   50   48   47   49
    22.5-180.0 180.0   5.0 450.0                            LAT/LON1/LON2/DLON/H
   49   57   70   83   94  103  111  117  125  136  152  169  184  195  205  210
  214  212  204  190  174  162  160  169  186  207  226  240  249  250  247  237
  221  199  175  153  137  128  123  117  112  108  107  105  103   99   94   88
   82   77   73   70   69   69   70   71   71   69   66   63   62   64   68   72
   72   69   63   57   51   48   46   46   49
    20.0-180.0 180.0   5.0 450.0                            LAT/LON1/LON2/DLON/H
   49   59   74   89  103  113  120  127  134  145  160  177  194  207  216  221
  221  214  200  186  173  170  180  200  226  251  270  281  286  284  278  265
  246  220  192  165  146  133  124  117  111  109  109  108  105  101   95   88
   82   77   72   71   71   73   74   73   72   69   65   63   62   63   66   68
   68   65   60   54   49   46   44   44   49
    17.5-180.0 180.0   5.0 450.0                            LAT/LON1/LON2/DLON/H
   48   61   77   95  109  122  131  138  145  155  169  186  203  217  226  230
  227  215  199  187  183  191  214  245  276  300  313  316  315  310  301  286
  264  236  205  176  154  138  126  116  110  110  111  111  108  104   97   89
   82   77   73   71   72   73   74   74   72   68   65   62   61   62   64   65
   64   62   58   53   48   45   42   43   48
    15.0-180.0 180.0   5.0 450.0                            LAT/LON1/LON2/DLON/H
   48   61   80   98  115  129  139  149  156  167  180  195  211  225  235  239
  234  220  204  197  203  223  258  295  327  346  349  342  333  324  312  296
  274  246  215  186  161  143  129  118  111  111  114  114  111  106   99   91
   84   78   74   72   72   73   74   72   70   66   63   60   60   62   63   63
   61   59   56   52   48   44   41   42   48
    12.5-180.0 180.0   5.0 450.0                            LAT/LON1/LON2/DLON/H
   49   63   82  101  118  134  147  158  168  179  190  204  219  232  243  246
  242  229  217  216  232  263  305  344  370  378  369  352  337  324  311  296
  276  250  222  195  171  152  135  123  115  114  117  117  114  108  102   95
   87   80   75   72   72   72   71   70   67   64   61   59   61   62   63   62
   59   56   54   52   48   44   41   42   49
    10.0-180.0 180.0   5.0 450.0                            LAT/LON1/LON2/DLON/H
   51   65   84  102  120  137  152  166  179  190  201  212  226  238  248  253
  251  243  236  244  268  306  348  382  397  391  370  344  325  312  301  290
  274  254  230  207  185  164  146  132  123  120  120  118  116  111  106   99
   91   84   77   73   71   71   69   68   66   63   59   59   62   64   64   61
   58   55   53   52   49   44   41   43   51
     7.5-180.0 180.0   5.0 450.0                            LAT/LON1/LON2/DLON/H
   53   69   86  104  121  139  156  172  187  200  210  220  231  244  254  260
  261  260  262  277  306  344  381  403  403  383  352  323  305  295  289  283
  273  260  242  223  202  181  162  145  134  128  124  120  117  114  110  104
   96   88   81   75   71   70   69   68   65   62   61   61   63   66   66   63
   58   53   53   52   49   45   43   45   53
     5.0-180.0 180.0   5.0 450.0                            LAT/LON1/LON2/DLON/H
   57   72   90  106  122  139  158  175  192  206  216  226  236  248  258  266
  271  277  287  308  339  373  399  406  390  359  324  297  283  280  282  282
  279  271  259  243  223  201  180  161  147  137  129  123  119  117  113  108
  102   94   86   80   75   72   72   70   68   65   63   63   66   69   69   65
   59   54   52   52   49   45   43   47   57
     2.5-180.0 180.0   5.0 450.0                            LAT/LON1/LON2/DLON/H
   61   77   93  108  123  139  158  177  194  209  220  230  240  252  261  270
  280  293  309  332  361  387  401  393  365  327  293  273  269  275  283  289
  292  289  281  265  245  222  199  178  160  146  135  126  122  119  117  113
  107  100   93   87   81   78   78   76   74   71   68   67   68   71   71   68
   61   55   52   51   48   45   44   49   61
