workspace/GNSS/igsg1870.18i
     1.0            IONOSPHERE MAPS     MIX                 IONEX VERSION / TYPE
cmpcmb v1.2          GRL/UWM            25-jul-18 06:46     PGM / RUN BY / DATE 
ionex file containing IGS COMBINED Ionosphere maps          COMMENT             
global ionosphere maps for day 187, 2018                    DESCRIPTION         
IONEX file containing the COMBINED IGS TEC MAPS and DCBs    DESCRIPTION         
      IONEX files of the following IAACs were combined: cod DESCRIPTION         
                                                        jpl DESCRIPTION         
Contact address: Andrzej Krankowski                         DESCRIPTION
                 Geodynamics Research Laboratory            DESCRIPTION
                 University of Warmia and Mazury (GRL/UWM)  DESCRIPTION
                 Oczapowski St. 1                           DESCRIPTION
                 10-957-Olsztyn, POLAND                     DESCRIPTION
                 e-mail:  kand@uwm.edu.pl                   DESCRIPTION
                                                            DESCRIPTION         
  2018     7     6     0     0     0                        EPOCH OF FIRST MAP  
  2018     7     7     0     0     0                        EPOCH OF LAST MAP   
  7200                                                      INTERVAL            
    13                                                      # OF MAPS IN FILE   
  COSZ                                                      MAPPING FUNCTION    
     0.0                                                    ELEVATION CUTOFF    
combined TEC calculated as weighted mean of input TEC valuesOBSERVABLES USED    
   338                                                      # OF STATIONS       
    32                                                      # OF SATELLITES     
  6371.0                                                    BASE RADIUS         
     2                                                      MAP DIMENSION       
   450.0 450.0   0.0                                        HGT1 / HGT2 / DHGT  
    87.5 -87.5  -2.5                                        LAT1 / LAT2 / DLAT  
  -180.0 180.0   5.0                                        LON1 / LON2 / DLON  
    -1                                                      EXPONENT            
TEC values in 0.1 tec units;  9999, if no value available   COMMENT             
DCB values in nanoseconds, reference is Sum_of_SatDCBs = 0  COMMENT             
                                                            END OF HEADER       
[from data line 4719]
    12                                                      START OF TEC MAP    
  2018     7     6    22     0     0                        EPOCH OF CURRENT MAP
    87.5-180.0 180.0   5.0 450.0                            LAT/LON1/LON2/DLON/H
   92   92   92   93   93   93   94   94   94   94   94   94   94   94   94   94
   94   94   93   93   93   92   92   91   91   90   90   90   89   89   89   88
   88   87   87   87   86   86   86   85   85   85   85   85   85   85   85   85
   85   85   85   85   85   86   86   86   86   86   87   87   87   87   88   88
   88   89   89   90   90   91   91   92   92
    85.0-180.0 180.0   5.0 450.0                            LAT/LON1/LON2/DLON/H
   93   93   94   95   95   96   97   97   97   98   98   98   98   98   98   98
   97   97   97   96   96   95   94   93   92   91   90   89   88   87   86   86
   85   85   84   84   83   83   83   82   82   82   82   82   82   82   81   81
   81   81   81   81   81   82   82   82   82   83   83   83   84   85   85   86
   87   87   88   89   90   90   91   92   93
    82.5-180.0 180.0   5.0 450.0                            LAT/LON1/LON2/DLON/H
   92   93   94   95   96   97   98   98   99  100  100  100  101  101  101  100
  100  100   99   98   97   96   95   93   92   91   89   87   86   85   84   83
   82   81   81   80   80   80   80   80   80   80   80   80   80   80   80   80
   80   79   79   79   79   79   78   79   79   79   80   80   80   81   82   82
   83   84   85   86   87   88   89   90   92
    80.0-180.0 180.0   5.0 450.0                            LAT/LON1/LON2/DLON/H
   90   91   93   94   95   97   97   99   99  100  101  102  102  102  102  102
  102  101  101  100   98   97   96   94   92   89   88   86   84   82   80   79
   78   77   77   76   77   77   77   77   78   79   79   80   80   79   80   80
   79   78   78   77   77   76   76   76   76   76   76   76   76   76   77   78
   79   80   81   83   84   85   87   88   90
    77.5-180.0 180.0   5.0 450.0                            LAT/LON1/LON2/DLON/H
   87   89   90   92   94   95   97   98   99  100  101  102  102  102  103  103
  102  102  101  100   99   98   95   93   91   89   86   83   81   79   77   76
   75   74   74   74   74   75   75   76   77   78   79   79   79   80   79   80
   79   78   77   76   75   74   73   73   72   72   72   72   72   72   72   73
   74   75   77   78   80   82   84   85   87
    75.0-180.0 180.0   5.0 450.0                            LAT/LON1/LON2/DLON/H
   85   86   88   90   91   93   94   96   98   99  100  101  102  102  102  102
  102  102  102  101  100   98   96   94   91   87   84   82   79   76   75   74
   72   72   72   72   73   73   75   75   76   77   78   79   79   80   79   78
   78   76   75   74   72   71   70   69   69   69   68   68   68   67   68   68
   69   71   72   75   77   79   81   83   85
    72.5-180.0 180.0   5.0 450.0                            LAT/LON1/LON2/DLON/H
   83   85   86   88   89   91   93   95   96   98   99  100  101  101  102  102
  101  101  102  101  100   99   97   94   90   87   84   80   78   75   74   73
   72   72   72   73   73   73   74   74   75   76   77   77   78   77   78   77
   75   74   72   71   70   68   67   66   65   65   65   64   64   64   64   64
   66   67   69   71   74   77   79   81   83
    70.0-180.0 180.0   5.0 450.0                            LAT/LON1/LON2/DLON/H
   82   84   85   86   87   89   91   93   95   97   98  100  100  101  101  101
  100  101  101  101  101   99   98   95   91   87   84   80   78   76   75   74
   74   74   74   74   74   73   73   73   73   74   74   74   75   75   74   73
   72   70   68   67   65   64   63   63   63   62   62   62   62   62   61   62
   63   65   68   71   74   77   79   81   82
    67.5-180.0 180.0   5.0 450.0                            LAT/LON1/LON2/DLON/H
   84   84   85   85   86   88   90   92   94   96   98   99  100  100  100  100
   99  100  100  102  102  101   99   96   92   88   85   82   79   77   77   77
   77   76   76   75   74   73   72   71   70   71   71   71   71   71   70   69
   67   65   63   61   60   60   59   60   60   61   62   62   62   62   62   63
   64   65   68   71   75   78   81   83   84
    65.0-180.0 180.0   5.0 450.0                            LAT/LON1/LON2/DLON/H
   85   85   85   85   86   87   89   91   94   96   98  100  100  100   99   99
   99  100  100  102  102  102  100   97   93   90   86   84   81   80   80   80
   80   79   78   76   74   72   70   68   67   67   67   67   66   66   65   63
   62   60   58   57   56   56   56   57   59   61   62   64   64   65   65   66
   67   69   71   74   78   81   83   85   85
    62.5-180.0 180.0   5.0 450.0                            LAT/LON1/LON2/DLON/H
   89   89   88   88   88   89   89   92   94   96   98  100  100  100   99   99
   99   99  100  102  102  102  101   98   95   91   88   86   84   84   84   84
   83   81   79   76   73   69   67   65   64   63   63   63   62   61   61   59
   57   55   53   52   52   52   54   56   59   62   64   66   69   70   71   71
   72   74   76   78   81   84   87   88   89
    60.0-180.0 180.0   5.0 450.0                            LAT/LON1/LON2/DLON/H
   93   93   92   92   92   92   92   93   95   97   99  100  101  100  100   99
   99   99  100  101  102  102  101   99   96   93   90   89   88   87   87   86
   84   82   78   74   70   67   64   62   62   61   61   61   59   58   56   54
   52   51   49   49   49   51   53   56   60   63   67   70   73   76   77   78
   79   79   80   83   86   88   91   92   93
    57.5-180.0 180.0   5.0 450.0                            LAT/LON1/LON2/DLON/H
   98   99   99   99   98   98   98   98   98   99  100  100  101  100  100   99
   99   99   99  100  100  101  100   99   97   94   92   91   90   90   89   87
   84   81   76   71   68   65   62   61   61   60   60   59   58   56   54   52
   49   48   47   47   48   51   53   57   62   66   70   74   78   82   84   86
   86   86   87   88   90   92   94   97   98
    55.0-180.0 180.0   5.0 450.0                            LAT/LON1/LON2/DLON/H
  103  105  106  108  107  107  106  104  103  102  101  101  101  101  101  100
  100   99   98   99   98   99   98   98   97   95   94   93   93   92   90   88
   84   78   73   69   66   63   62   62   62   62   61   60   58   55   53   50
   48   47   47   48   49   52   56   59   64   68   73   77   82   87   91   93
   93   94   94   94   95   96   98  101  103
    52.5-180.0 180.0   5.0 450.0                            LAT/LON1/LON2/DLON/H
  108  111  114  117  118  117  115  113  109  106  104  101  101  101  101  101
  100   99   98   97   97   96   96   96   96   95   95   94   94   93   91   87
   82   76   71   67   64   64   64   64   65   65   64   62   59   56   53   51
   48   48   49   50   52   55   59   63   67   71   74   79   85   90   95   99
  101  101  100  100  100  101  102  105  108
    50.0-180.0 180.0   5.0 450.0                            LAT/LON1/LON2/DLON/H
  111  116  120  125  127  128  126  122  118  113  108  104  102  102  102  102
  101  100   99   97   96   95   95   95   95   95   96   96   96   94   91   87
   82   75   69   66   64   65   67   68   69   69   67   64   62   58   54   52
   50   50   51   54   56   60   63   66   69   72   75   80   85   92   98  103
  106  108  107  107  106  106  107  109  111
    47.5-180.0 180.0   5.0 450.0                            LAT/LON1/LON2/DLON/H
  114  119  125  130  135  136  136  132  127  120  114  109  105  104  104  104
  104  102  100   98   97   96   95   95   96   96   97   97   97   96   93   88
   81   75   70   66   65   67   70   72   73   72   70   67   64   60   57   55
   53   54   56   58   61   64   66   69   71   73   76   79   86   93  101  107
  111  114  115  114  113  112  111  112  114
    45.0-180.0 180.0   5.0 450.0                            LAT/LON1/LON2/DLON/H
  115  120  126  133  138  142  142  139  135  128  121  115  110  108  108  108
  108  106  103  101   99   98   97   97   97   98   99   99   99   98   95   90
   83   77   71   68   68   70   73   76   76   75   73   70   67   63   60   58
   57   58   60   62   64   66   69   70   72   73   75   79   85   93  102  110
  115  119  122  121  120  118  116  114  115
    42.5-180.0 180.0   5.0 450.0                            LAT/LON1/LON2/DLON/H
  116  120  125  132  138  142  143  143  140  135  129  122  117  114  113  113
  113  111  108  105  103  102  101  101  100  101  102  102  102  101   98   93
   87   81   75   72   71   73   76   78   79   78   75   73   69   66   64   62
   61   61   63   65   66   68   68   70   70   72   75   79   85   93  102  110
  118  123  127  128  128  124  120  117  116
    40.0-180.0 180.0   5.0 450.0                            LAT/LON1/LON2/DLON/H
  119  119  123  128  134  138  141  142  142  140  136  130  125  121  120  120
  118  116  114  111  109  108  106  105  104  105  106  106  106  105  101   97
   92   86   81   76   75   75   77   79   80   79   77   75   72   70   68   66
   65   65   65   66   66   67   67   67   68   70   74   79   86   93  102  111
  119  125  130  133  133  130  127  122  119
    37.5-180.0 180.0   5.0 450.0                            LAT/LON1/LON2/DLON/H
  123  121  121  125  129  133  136  139  142  144  143  139  134  130  128  127
  125  122  118  115  113  112  111  109  108  109  110  112  112  110  107  103
   98   93   87   81   78   77   78   79   80   79   78   76   75   73   71   69
   67   66   64   64   64   65   64   63   65   68   74   80   86   93  101  110
  119  126  132  136  138  137  132  127  123
    35.0-180.0 180.0   5.0 450.0                            LAT/LON1/LON2/DLON/H
  128  124  123  124  127  129  131  136  141  146  149  147  144  140  136  134
  131  127  122  119  117  116  115  114  112  114  116  118  118  116  112  108
  104   99   92   86   81   78   77   77   78   79   78   77   76   75   74   71
   69   65   63   61   61   61   60   60   62   66   73   80   87   93  101  109
  118  126  132  137  141  141  139  134  128
    32.5-180.0 180.0   5.0 450.0                            LAT/LON1/LON2/DLON/H
  137  131  128  126  127  128  130  135  141  150  155  156  153  149  144  140
  136  130  124  120  118  118  117  116  116  119  123  125  125  122  117  113
  109  103   96   89   83   78   75   75   76   77   78   76   76   76   74   71
   68   63   60   57   57   57   57   57   59   64   73   81   87   94  101  109
  117  125  132  138  143  146  145  142  137
    30.0-180.0 180.0   5.0 450.0                            LAT/LON1/LON2/DLON/H
  146  140  136  135  134  133  134  138  145  154  162  164  162  157  151  145
  139  132  125  120  117  118  118  118  119  123  129  132  131  127  121  116
  111  106   99   91   82   76   72   72   73   74   75   74   73   73   72   69
   64   60   55   54   54   54   54   54   56   63   71   80   87   94  101  109
  117  125  131  138  144  148  151  150  146
    27.5-180.0 180.0   5.0 450.0                            LAT/LON1/LON2/DLON/H
  154  151  148  147  147  146  145  147  153  162  170  172  169  165  158  150
  142  133  125  119  117  118  120  121  123  128  135  137  135  129  122  117
  111  105   98   89   80   73   69   68   69   70   72   70   69   68   67   64
   59   54   52   51   52   53   52   51   54   61   70   78   85   93  101  109
  117  125  131  137  144  150  154  156  154
    25.0-180.0 180.0   5.0 450.0                            LAT/LON1/LON2/DLON/H
  161  161  161  162  163  162  162  162  166  173  179  181  178  172  165  156
  146  136  127  120  118  119  123  124  127  133  138  140  136  129  121  115
  109  102   94   85   77   69   65   63   65   66   66   64   62   60   59   56
   52   49   47   47   50   51   50   50   52   58   66   75   83   91  100  110
  118  125  131  137  143  149  156  160  161
    22.5-180.0 180.0   5.0 450.0                            LAT/LON1/LON2/DLON/H
  166  170  174  178  182  183  182  182  184  188  191  191  188  181  173  162
  152  141  131  124  123  126  129  131  134  137  140  139  133  125  116  110
  103   95   87   79   71   65   61   58   59   59   59   56   54   52   50   48
   46   44   43   45   48   50   49   48   49   54   62   70   79   88   99  110
  119  127  132  137  143  149  156  162  166
    20.0-180.0 180.0   5.0 450.0                            LAT/LON1/LON2/DLON/H
  170  177  185  194  201  204  204  204  204  205  205  203  197  190  181  171
  159  149  140  134  133  136  140  142  142  142  140  135  126  117  110  103
   96   88   80   72   65   60   55   53   53   52   51   48   45   44   42   41
   39   38   39   42   45   48   47   45   46   50   57   65   75   85   97  109
  120  128  135  140  144  149  156  163  170
    17.5-180.0 180.0   5.0 450.0                            LAT/LON1/LON2/DLON/H
  173  183  194  206  216  222  224  225  224  223  220  215  209  201  192  181
  170  160  152  148  147  151  155  155  151  146  137  127  117  108  101   95
   88   80   72   65   59   54   51   48   47   45   43   40   38   36   35   34
   34   33   35   38   43   45   45   43   42   45   51   60   71   82   95  108
  120  130  138  143  147  151  157  164  173
    15.0-180.0 180.0   5.0 450.0                            LAT/LON1/LON2/DLON/H
  176  188  201  215  227  235  239  242  242  239  235  228  220  212  203  193
  182  174  168  164  165  168  170  168  160  148  133  119  107   98   92   87
   80   72   64   58   53   49   46   43   41   39   37   34   32   31   31   30
   30   30   32   36   40   42   42   40   39   41   46   55   67   79   93  107
  120  132  141  148  152  155  160  167  176
    12.5-180.0 180.0   5.0 450.0                            LAT/LON1/LON2/DLON/H
  182  193  207  221  233  242  248  252  254  251  247  239  231  222  213  204
  196  188  184  181  182  185  185  179  167  149  127  109   97   89   84   79
   73   65   57   52   48   44   41   39   37   35   33   31   30   29   29   29
   27   27   29   32   36   39   39   38   37   38   43   52   63   77   91  105
  120  133  144  153  159  162  166  172  182
    10.0-180.0 180.0   5.0 450.0                            LAT/LON1/LON2/DLON/H
  188  201  213  225  236  245  252  258  260  259  254  247  238  230  223  215
  208  203  199  197  196  198  196  187  169  145  121  101   89   82   78   73
   67   59   53   48   44   41   38   36   34   32   32   31   30   29   30   28
   27   26   27   29   33   36   38   37   37   37   41   50   62   75   90  104
  118  132  146  157  165  169  173  179  188
     7.5-180.0 180.0   5.0 450.0                            LAT/LON1/LON2/DLON/H
  197  209  221  230  239  246  253  258  261  260  257  250  242  235  228  222
  218  215  212  210  208  207  202  189  168  140  114   94   83   77   74   69
   62   55   49   45   42   39   36   34   33   32   32   32   32   32   31   30
   28   26   26   27   31   34   36   37   36   37   41   49   60   75   88  103
  116  130  146  160  170  177  181  188  197
     5.0-180.0 180.0   5.0 450.0                            LAT/LON1/LON2/DLON/H
  207  220  231  239  245  250  253  255  257  257  254  249  242  236  231  227
  224  223  221  218  215  212  204  188  162  133  107   88   78   74   70   65
   59   52   48   44   42   39   37   35   34   35   35   36   35   35   34   33
   30   27   26   26   29   33   36   37   38   39   42   49   60   75   89  101
  114  128  144  160  173  182  188  196  207
     2.5-180.0 180.0   5.0 450.0                            LAT/LON1/LON2/DLON/H
  215  230  242  251  255  256  256  255  252  251  248  244  239  234  230  228
  227  228  226  222  219  213  203  183  155  126  100   83   76   72   68   63
   57   51   47   45   42   40   39   37   36   37   38   38   38   38   37   35
   32   29   26   27   29   33   36   37   38   40   43   49   60   74   89  101
  111  125  141  159  174  185  193  202  215
